5 0 0 0 0 0 500
0 5 0 0 0 0 500
0 0 5 0 0 0 500
0 0 0 5 0 0 500
0 0 0 0 5 0 500
0 0 0 0 0 5 500
1 1 1 1 1 0 400
0 1 1 1 1 1 400
1 1 1 1 0 0 300
0 1 1 1 1 0 300
0 0 1 1 1 1 300
3 2 0 0 0 0 250
3 0 2 0 0 0 250
3 0 0 2 0 0 250
3 0 0 0 2 0 250
3 0 0 0 0 2 250
2 3 0 0 0 0 250
0 3 2 0 0 0 250
0 3 0 2 0 0 250
0 3 0 0 2 0 250
0 3 0 0 0 2 250
2 0 3 0 0 0 250
0 2 3 0 0 0 250
0 0 3 2 0 0 250
0 0 3 0 2 0 250
0 0 3 0 0 2 250
2 0 0 3 0 0 250
0 2 0 3 0 0 250
0 0 2 3 0 0 250
0 0 0 3 2 0 250
0 0 0 3 0 2 250
2 0 0 0 3 0 250
0 2 0 0 3 0 250
0 0 2 0 3 0 250
0 0 0 2 3 0 250
0 0 0 0 3 2 250
2 0 0 0 0 3 250
0 2 0 0 0 3 250
0 0 2 0 0 3 250
0 0 0 2 0 3 250
0 0 0 0 2 3 250
