10 0 0 0 0 0 1 
9 1 0 0 0 0 10 
9 0 1 0 0 0 10 
9 0 0 1 0 0 10 
9 0 0 0 1 0 10 
9 0 0 0 0 1 10 
8 2 0 0 0 0 45 
8 1 1 0 0 0 90 
8 1 0 1 0 0 90 
8 1 0 0 1 0 90 
8 1 0 0 0 1 90 
8 0 2 0 0 0 45 
8 0 1 1 0 0 90 
8 0 1 0 1 0 90 
8 0 1 0 0 1 90 
8 0 0 2 0 0 45 
8 0 0 1 1 0 90 
8 0 0 1 0 1 90 
8 0 0 0 2 0 45 
8 0 0 0 1 1 90 
8 0 0 0 0 2 45 
7 3 0 0 0 0 120 
7 2 1 0 0 0 360 
7 2 0 1 0 0 360 
7 2 0 0 1 0 360 
7 2 0 0 0 1 360 
7 1 2 0 0 0 360 
7 1 1 1 0 0 720 
7 1 1 0 1 0 720 
7 1 1 0 0 1 720 
7 1 0 2 0 0 360 
7 1 0 1 1 0 720 
7 1 0 1 0 1 720 
7 1 0 0 2 0 360 
7 1 0 0 1 1 720 
7 1 0 0 0 2 360 
7 0 3 0 0 0 120 
7 0 2 1 0 0 360 
7 0 2 0 1 0 360 
7 0 2 0 0 1 360 
7 0 1 2 0 0 360 
7 0 1 1 1 0 720 
7 0 1 1 0 1 720 
7 0 1 0 2 0 360 
7 0 1 0 1 1 720 
7 0 1 0 0 2 360 
7 0 0 3 0 0 120 
7 0 0 2 1 0 360 
7 0 0 2 0 1 360 
7 0 0 1 2 0 360 
7 0 0 1 1 1 720 
7 0 0 1 0 2 360 
7 0 0 0 3 0 120 
7 0 0 0 2 1 360 
7 0 0 0 1 2 360 
7 0 0 0 0 3 120 
6 4 0 0 0 0 210 
6 3 1 0 0 0 840 
6 3 0 1 0 0 840 
6 3 0 0 1 0 840 
6 3 0 0 0 1 840 
6 2 2 0 0 0 1260 
6 2 1 1 0 0 2520 
6 2 1 0 1 0 2520 
6 2 1 0 0 1 2520 
6 2 0 2 0 0 1260 
6 2 0 1 1 0 2520 
6 2 0 1 0 1 2520 
6 2 0 0 2 0 1260 
6 2 0 0 1 1 2520 
6 2 0 0 0 2 1260 
6 1 3 0 0 0 840 
6 1 2 1 0 0 2520 
6 1 2 0 1 0 2520 
6 1 2 0 0 1 2520 
6 1 1 2 0 0 2520 
6 1 1 1 1 0 5040 
6 1 1 1 0 1 5040 
6 1 1 0 2 0 2520 
6 1 1 0 1 1 5040 
6 1 1 0 0 2 2520 
6 1 0 3 0 0 840 
6 1 0 2 1 0 2520 
6 1 0 2 0 1 2520 
6 1 0 1 2 0 2520 
6 1 0 1 1 1 5040 
6 1 0 1 0 2 2520 
6 1 0 0 3 0 840 
6 1 0 0 2 1 2520 
6 1 0 0 1 2 2520 
6 1 0 0 0 3 840 
6 0 4 0 0 0 210 
6 0 3 1 0 0 840 
6 0 3 0 1 0 840 
6 0 3 0 0 1 840 
6 0 2 2 0 0 1260 
6 0 2 1 1 0 2520 
6 0 2 1 0 1 2520 
6 0 2 0 2 0 1260 
6 0 2 0 1 1 2520 
6 0 2 0 0 2 1260 
6 0 1 3 0 0 840 
6 0 1 2 1 0 2520 
6 0 1 2 0 1 2520 
6 0 1 1 2 0 2520 
6 0 1 1 1 1 5040 
6 0 1 1 0 2 2520 
6 0 1 0 3 0 840 
6 0 1 0 2 1 2520 
6 0 1 0 1 2 2520 
6 0 1 0 0 3 840 
6 0 0 4 0 0 210 
6 0 0 3 1 0 840 
6 0 0 3 0 1 840 
6 0 0 2 2 0 1260 
6 0 0 2 1 1 2520 
6 0 0 2 0 2 1260 
6 0 0 1 3 0 840 
6 0 0 1 2 1 2520 
6 0 0 1 1 2 2520 
6 0 0 1 0 3 840 
6 0 0 0 4 0 210 
6 0 0 0 3 1 840 
6 0 0 0 2 2 1260 
6 0 0 0 1 3 840 
6 0 0 0 0 4 210 
5 5 0 0 0 0 252 
5 4 1 0 0 0 1260 
5 4 0 1 0 0 1260 
5 4 0 0 1 0 1260 
5 4 0 0 0 1 1260 
5 3 2 0 0 0 2520 
5 3 1 1 0 0 5040 
5 3 1 0 1 0 5040 
5 3 1 0 0 1 5040 
5 3 0 2 0 0 2520 
5 3 0 1 1 0 5040 
5 3 0 1 0 1 5040 
5 3 0 0 2 0 2520 
5 3 0 0 1 1 5040 
5 3 0 0 0 2 2520 
5 2 3 0 0 0 2520 
5 2 2 1 0 0 7560 
5 2 2 0 1 0 7560 
5 2 2 0 0 1 7560 
5 2 1 2 0 0 7560 
5 2 1 1 1 0 15120 
5 2 1 1 0 1 15120 
5 2 1 0 2 0 7560 
5 2 1 0 1 1 15120 
5 2 1 0 0 2 7560 
5 2 0 3 0 0 2520 
5 2 0 2 1 0 7560 
5 2 0 2 0 1 7560 
5 2 0 1 2 0 7560 
5 2 0 1 1 1 15120 
5 2 0 1 0 2 7560 
5 2 0 0 3 0 2520 
5 2 0 0 2 1 7560 
5 2 0 0 1 2 7560 
5 2 0 0 0 3 2520 
5 1 4 0 0 0 1260 
5 1 3 1 0 0 5040 
5 1 3 0 1 0 5040 
5 1 3 0 0 1 5040 
5 1 2 2 0 0 7560 
5 1 2 1 1 0 15120 
5 1 2 1 0 1 15120 
5 1 2 0 2 0 7560 
5 1 2 0 1 1 15120 
5 1 2 0 0 2 7560 
5 1 1 3 0 0 5040 
5 1 1 2 1 0 15120 
5 1 1 2 0 1 15120 
5 1 1 1 2 0 15120 
5 1 1 1 1 1 30240 
5 1 1 1 0 2 15120 
5 1 1 0 3 0 5040 
5 1 1 0 2 1 15120 
5 1 1 0 1 2 15120 
5 1 1 0 0 3 5040 
5 1 0 4 0 0 1260 
5 1 0 3 1 0 5040 
5 1 0 3 0 1 5040 
5 1 0 2 2 0 7560 
5 1 0 2 1 1 15120 
5 1 0 2 0 2 7560 
5 1 0 1 3 0 5040 
5 1 0 1 2 1 15120 
5 1 0 1 1 2 15120 
5 1 0 1 0 3 5040 
5 1 0 0 4 0 1260 
5 1 0 0 3 1 5040 
5 1 0 0 2 2 7560 
5 1 0 0 1 3 5040 
5 1 0 0 0 4 1260 
5 0 5 0 0 0 252 
5 0 4 1 0 0 1260 
5 0 4 0 1 0 1260 
5 0 4 0 0 1 1260 
5 0 3 2 0 0 2520 
5 0 3 1 1 0 5040 
5 0 3 1 0 1 5040 
5 0 3 0 2 0 2520 
5 0 3 0 1 1 5040 
5 0 3 0 0 2 2520 
5 0 2 3 0 0 2520 
5 0 2 2 1 0 7560 
5 0 2 2 0 1 7560 
5 0 2 1 2 0 7560 
5 0 2 1 1 1 15120 
5 0 2 1 0 2 7560 
5 0 2 0 3 0 2520 
5 0 2 0 2 1 7560 
5 0 2 0 1 2 7560 
5 0 2 0 0 3 2520 
5 0 1 4 0 0 1260 
5 0 1 3 1 0 5040 
5 0 1 3 0 1 5040 
5 0 1 2 2 0 7560 
5 0 1 2 1 1 15120 
5 0 1 2 0 2 7560 
5 0 1 1 3 0 5040 
5 0 1 1 2 1 15120 
5 0 1 1 1 2 15120 
5 0 1 1 0 3 5040 
5 0 1 0 4 0 1260 
5 0 1 0 3 1 5040 
5 0 1 0 2 2 7560 
5 0 1 0 1 3 5040 
5 0 1 0 0 4 1260 
5 0 0 5 0 0 252 
5 0 0 4 1 0 1260 
5 0 0 4 0 1 1260 
5 0 0 3 2 0 2520 
5 0 0 3 1 1 5040 
5 0 0 3 0 2 2520 
5 0 0 2 3 0 2520 
5 0 0 2 2 1 7560 
5 0 0 2 1 2 7560 
5 0 0 2 0 3 2520 
5 0 0 1 4 0 1260 
5 0 0 1 3 1 5040 
5 0 0 1 2 2 7560 
5 0 0 1 1 3 5040 
5 0 0 1 0 4 1260 
5 0 0 0 5 0 252 
5 0 0 0 4 1 1260 
5 0 0 0 3 2 2520 
5 0 0 0 2 3 2520 
5 0 0 0 1 4 1260 
5 0 0 0 0 5 252 
4 6 0 0 0 0 210 
4 5 1 0 0 0 1260 
4 5 0 1 0 0 1260 
4 5 0 0 1 0 1260 
4 5 0 0 0 1 1260 
4 4 2 0 0 0 3150 
4 4 1 1 0 0 6300 
4 4 1 0 1 0 6300 
4 4 1 0 0 1 6300 
4 4 0 2 0 0 3150 
4 4 0 1 1 0 6300 
4 4 0 1 0 1 6300 
4 4 0 0 2 0 3150 
4 4 0 0 1 1 6300 
4 4 0 0 0 2 3150 
4 3 3 0 0 0 4200 
4 3 2 1 0 0 12600 
4 3 2 0 1 0 12600 
4 3 2 0 0 1 12600 
4 3 1 2 0 0 12600 
4 3 1 1 1 0 25200 
4 3 1 1 0 1 25200 
4 3 1 0 2 0 12600 
4 3 1 0 1 1 25200 
4 3 1 0 0 2 12600 
4 3 0 3 0 0 4200 
4 3 0 2 1 0 12600 
4 3 0 2 0 1 12600 
4 3 0 1 2 0 12600 
4 3 0 1 1 1 25200 
4 3 0 1 0 2 12600 
4 3 0 0 3 0 4200 
4 3 0 0 2 1 12600 
4 3 0 0 1 2 12600 
4 3 0 0 0 3 4200 
4 2 4 0 0 0 3150 
4 2 3 1 0 0 12600 
4 2 3 0 1 0 12600 
4 2 3 0 0 1 12600 
4 2 2 2 0 0 18900 
4 2 2 1 1 0 37800 
4 2 2 1 0 1 37800 
4 2 2 0 2 0 18900 
4 2 2 0 1 1 37800 
4 2 2 0 0 2 18900 
4 2 1 3 0 0 12600 
4 2 1 2 1 0 37800 
4 2 1 2 0 1 37800 
4 2 1 1 2 0 37800 
4 2 1 1 1 1 75600 
4 2 1 1 0 2 37800 
4 2 1 0 3 0 12600 
4 2 1 0 2 1 37800 
4 2 1 0 1 2 37800 
4 2 1 0 0 3 12600 
4 2 0 4 0 0 3150 
4 2 0 3 1 0 12600 
4 2 0 3 0 1 12600 
4 2 0 2 2 0 18900 
4 2 0 2 1 1 37800 
4 2 0 2 0 2 18900 
4 2 0 1 3 0 12600 
4 2 0 1 2 1 37800 
4 2 0 1 1 2 37800 
4 2 0 1 0 3 12600 
4 2 0 0 4 0 3150 
4 2 0 0 3 1 12600 
4 2 0 0 2 2 18900 
4 2 0 0 1 3 12600 
4 2 0 0 0 4 3150 
4 1 5 0 0 0 1260 
4 1 4 1 0 0 6300 
4 1 4 0 1 0 6300 
4 1 4 0 0 1 6300 
4 1 3 2 0 0 12600 
4 1 3 1 1 0 25200 
4 1 3 1 0 1 25200 
4 1 3 0 2 0 12600 
4 1 3 0 1 1 25200 
4 1 3 0 0 2 12600 
4 1 2 3 0 0 12600 
4 1 2 2 1 0 37800 
4 1 2 2 0 1 37800 
4 1 2 1 2 0 37800 
4 1 2 1 1 1 75600 
4 1 2 1 0 2 37800 
4 1 2 0 3 0 12600 
4 1 2 0 2 1 37800 
4 1 2 0 1 2 37800 
4 1 2 0 0 3 12600 
4 1 1 4 0 0 6300 
4 1 1 3 1 0 25200 
4 1 1 3 0 1 25200 
4 1 1 2 2 0 37800 
4 1 1 2 1 1 75600 
4 1 1 2 0 2 37800 
4 1 1 1 3 0 25200 
4 1 1 1 2 1 75600 
4 1 1 1 1 2 75600 
4 1 1 1 0 3 25200 
4 1 1 0 4 0 6300 
4 1 1 0 3 1 25200 
4 1 1 0 2 2 37800 
4 1 1 0 1 3 25200 
4 1 1 0 0 4 6300 
4 1 0 5 0 0 1260 
4 1 0 4 1 0 6300 
4 1 0 4 0 1 6300 
4 1 0 3 2 0 12600 
4 1 0 3 1 1 25200 
4 1 0 3 0 2 12600 
4 1 0 2 3 0 12600 
4 1 0 2 2 1 37800 
4 1 0 2 1 2 37800 
4 1 0 2 0 3 12600 
4 1 0 1 4 0 6300 
4 1 0 1 3 1 25200 
4 1 0 1 2 2 37800 
4 1 0 1 1 3 25200 
4 1 0 1 0 4 6300 
4 1 0 0 5 0 1260 
4 1 0 0 4 1 6300 
4 1 0 0 3 2 12600 
4 1 0 0 2 3 12600 
4 1 0 0 1 4 6300 
4 1 0 0 0 5 1260 
4 0 6 0 0 0 210 
4 0 5 1 0 0 1260 
4 0 5 0 1 0 1260 
4 0 5 0 0 1 1260 
4 0 4 2 0 0 3150 
4 0 4 1 1 0 6300 
4 0 4 1 0 1 6300 
4 0 4 0 2 0 3150 
4 0 4 0 1 1 6300 
4 0 4 0 0 2 3150 
4 0 3 3 0 0 4200 
4 0 3 2 1 0 12600 
4 0 3 2 0 1 12600 
4 0 3 1 2 0 12600 
4 0 3 1 1 1 25200 
4 0 3 1 0 2 12600 
4 0 3 0 3 0 4200 
4 0 3 0 2 1 12600 
4 0 3 0 1 2 12600 
4 0 3 0 0 3 4200 
4 0 2 4 0 0 3150 
4 0 2 3 1 0 12600 
4 0 2 3 0 1 12600 
4 0 2 2 2 0 18900 
4 0 2 2 1 1 37800 
4 0 2 2 0 2 18900 
4 0 2 1 3 0 12600 
4 0 2 1 2 1 37800 
4 0 2 1 1 2 37800 
4 0 2 1 0 3 12600 
4 0 2 0 4 0 3150 
4 0 2 0 3 1 12600 
4 0 2 0 2 2 18900 
4 0 2 0 1 3 12600 
4 0 2 0 0 4 3150 
4 0 1 5 0 0 1260 
4 0 1 4 1 0 6300 
4 0 1 4 0 1 6300 
4 0 1 3 2 0 12600 
4 0 1 3 1 1 25200 
4 0 1 3 0 2 12600 
4 0 1 2 3 0 12600 
4 0 1 2 2 1 37800 
4 0 1 2 1 2 37800 
4 0 1 2 0 3 12600 
4 0 1 1 4 0 6300 
4 0 1 1 3 1 25200 
4 0 1 1 2 2 37800 
4 0 1 1 1 3 25200 
4 0 1 1 0 4 6300 
4 0 1 0 5 0 1260 
4 0 1 0 4 1 6300 
4 0 1 0 3 2 12600 
4 0 1 0 2 3 12600 
4 0 1 0 1 4 6300 
4 0 1 0 0 5 1260 
4 0 0 6 0 0 210 
4 0 0 5 1 0 1260 
4 0 0 5 0 1 1260 
4 0 0 4 2 0 3150 
4 0 0 4 1 1 6300 
4 0 0 4 0 2 3150 
4 0 0 3 3 0 4200 
4 0 0 3 2 1 12600 
4 0 0 3 1 2 12600 
4 0 0 3 0 3 4200 
4 0 0 2 4 0 3150 
4 0 0 2 3 1 12600 
4 0 0 2 2 2 18900 
4 0 0 2 1 3 12600 
4 0 0 2 0 4 3150 
4 0 0 1 5 0 1260 
4 0 0 1 4 1 6300 
4 0 0 1 3 2 12600 
4 0 0 1 2 3 12600 
4 0 0 1 1 4 6300 
4 0 0 1 0 5 1260 
4 0 0 0 6 0 210 
4 0 0 0 5 1 1260 
4 0 0 0 4 2 3150 
4 0 0 0 3 3 4200 
4 0 0 0 2 4 3150 
4 0 0 0 1 5 1260 
4 0 0 0 0 6 210 
3 7 0 0 0 0 120 
3 6 1 0 0 0 840 
3 6 0 1 0 0 840 
3 6 0 0 1 0 840 
3 6 0 0 0 1 840 
3 5 2 0 0 0 2520 
3 5 1 1 0 0 5040 
3 5 1 0 1 0 5040 
3 5 1 0 0 1 5040 
3 5 0 2 0 0 2520 
3 5 0 1 1 0 5040 
3 5 0 1 0 1 5040 
3 5 0 0 2 0 2520 
3 5 0 0 1 1 5040 
3 5 0 0 0 2 2520 
3 4 3 0 0 0 4200 
3 4 2 1 0 0 12600 
3 4 2 0 1 0 12600 
3 4 2 0 0 1 12600 
3 4 1 2 0 0 12600 
3 4 1 1 1 0 25200 
3 4 1 1 0 1 25200 
3 4 1 0 2 0 12600 
3 4 1 0 1 1 25200 
3 4 1 0 0 2 12600 
3 4 0 3 0 0 4200 
3 4 0 2 1 0 12600 
3 4 0 2 0 1 12600 
3 4 0 1 2 0 12600 
3 4 0 1 1 1 25200 
3 4 0 1 0 2 12600 
3 4 0 0 3 0 4200 
3 4 0 0 2 1 12600 
3 4 0 0 1 2 12600 
3 4 0 0 0 3 4200 
3 3 4 0 0 0 4200 
3 3 3 1 0 0 16800 
3 3 3 0 1 0 16800 
3 3 3 0 0 1 16800 
3 3 2 2 0 0 25200 
3 3 2 1 1 0 50400 
3 3 2 1 0 1 50400 
3 3 2 0 2 0 25200 
3 3 2 0 1 1 50400 
3 3 2 0 0 2 25200 
3 3 1 3 0 0 16800 
3 3 1 2 1 0 50400 
3 3 1 2 0 1 50400 
3 3 1 1 2 0 50400 
3 3 1 1 1 1 100800 
3 3 1 1 0 2 50400 
3 3 1 0 3 0 16800 
3 3 1 0 2 1 50400 
3 3 1 0 1 2 50400 
3 3 1 0 0 3 16800 
3 3 0 4 0 0 4200 
3 3 0 3 1 0 16800 
3 3 0 3 0 1 16800 
3 3 0 2 2 0 25200 
3 3 0 2 1 1 50400 
3 3 0 2 0 2 25200 
3 3 0 1 3 0 16800 
3 3 0 1 2 1 50400 
3 3 0 1 1 2 50400 
3 3 0 1 0 3 16800 
3 3 0 0 4 0 4200 
3 3 0 0 3 1 16800 
3 3 0 0 2 2 25200 
3 3 0 0 1 3 16800 
3 3 0 0 0 4 4200 
3 2 5 0 0 0 2520 
3 2 4 1 0 0 12600 
3 2 4 0 1 0 12600 
3 2 4 0 0 1 12600 
3 2 3 2 0 0 25200 
3 2 3 1 1 0 50400 
3 2 3 1 0 1 50400 
3 2 3 0 2 0 25200 
3 2 3 0 1 1 50400 
3 2 3 0 0 2 25200 
3 2 2 3 0 0 25200 
3 2 2 2 1 0 75600 
3 2 2 2 0 1 75600 
3 2 2 1 2 0 75600 
3 2 2 1 1 1 151200 
3 2 2 1 0 2 75600 
3 2 2 0 3 0 25200 
3 2 2 0 2 1 75600 
3 2 2 0 1 2 75600 
3 2 2 0 0 3 25200 
3 2 1 4 0 0 12600 
3 2 1 3 1 0 50400 
3 2 1 3 0 1 50400 
3 2 1 2 2 0 75600 
3 2 1 2 1 1 151200 
3 2 1 2 0 2 75600 
3 2 1 1 3 0 50400 
3 2 1 1 2 1 151200 
3 2 1 1 1 2 151200 
3 2 1 1 0 3 50400 
3 2 1 0 4 0 12600 
3 2 1 0 3 1 50400 
3 2 1 0 2 2 75600 
3 2 1 0 1 3 50400 
3 2 1 0 0 4 12600 
3 2 0 5 0 0 2520 
3 2 0 4 1 0 12600 
3 2 0 4 0 1 12600 
3 2 0 3 2 0 25200 
3 2 0 3 1 1 50400 
3 2 0 3 0 2 25200 
3 2 0 2 3 0 25200 
3 2 0 2 2 1 75600 
3 2 0 2 1 2 75600 
3 2 0 2 0 3 25200 
3 2 0 1 4 0 12600 
3 2 0 1 3 1 50400 
3 2 0 1 2 2 75600 
3 2 0 1 1 3 50400 
3 2 0 1 0 4 12600 
3 2 0 0 5 0 2520 
3 2 0 0 4 1 12600 
3 2 0 0 3 2 25200 
3 2 0 0 2 3 25200 
3 2 0 0 1 4 12600 
3 2 0 0 0 5 2520 
3 1 6 0 0 0 840 
3 1 5 1 0 0 5040 
3 1 5 0 1 0 5040 
3 1 5 0 0 1 5040 
3 1 4 2 0 0 12600 
3 1 4 1 1 0 25200 
3 1 4 1 0 1 25200 
3 1 4 0 2 0 12600 
3 1 4 0 1 1 25200 
3 1 4 0 0 2 12600 
3 1 3 3 0 0 16800 
3 1 3 2 1 0 50400 
3 1 3 2 0 1 50400 
3 1 3 1 2 0 50400 
3 1 3 1 1 1 100800 
3 1 3 1 0 2 50400 
3 1 3 0 3 0 16800 
3 1 3 0 2 1 50400 
3 1 3 0 1 2 50400 
3 1 3 0 0 3 16800 
3 1 2 4 0 0 12600 
3 1 2 3 1 0 50400 
3 1 2 3 0 1 50400 
3 1 2 2 2 0 75600 
3 1 2 2 1 1 151200 
3 1 2 2 0 2 75600 
3 1 2 1 3 0 50400 
3 1 2 1 2 1 151200 
3 1 2 1 1 2 151200 
3 1 2 1 0 3 50400 
3 1 2 0 4 0 12600 
3 1 2 0 3 1 50400 
3 1 2 0 2 2 75600 
3 1 2 0 1 3 50400 
3 1 2 0 0 4 12600 
3 1 1 5 0 0 5040 
3 1 1 4 1 0 25200 
3 1 1 4 0 1 25200 
3 1 1 3 2 0 50400 
3 1 1 3 1 1 100800 
3 1 1 3 0 2 50400 
3 1 1 2 3 0 50400 
3 1 1 2 2 1 151200 
3 1 1 2 1 2 151200 
3 1 1 2 0 3 50400 
3 1 1 1 4 0 25200 
3 1 1 1 3 1 100800 
3 1 1 1 2 2 151200 
3 1 1 1 1 3 100800 
3 1 1 1 0 4 25200 
3 1 1 0 5 0 5040 
3 1 1 0 4 1 25200 
3 1 1 0 3 2 50400 
3 1 1 0 2 3 50400 
3 1 1 0 1 4 25200 
3 1 1 0 0 5 5040 
3 1 0 6 0 0 840 
3 1 0 5 1 0 5040 
3 1 0 5 0 1 5040 
3 1 0 4 2 0 12600 
3 1 0 4 1 1 25200 
3 1 0 4 0 2 12600 
3 1 0 3 3 0 16800 
3 1 0 3 2 1 50400 
3 1 0 3 1 2 50400 
3 1 0 3 0 3 16800 
3 1 0 2 4 0 12600 
3 1 0 2 3 1 50400 
3 1 0 2 2 2 75600 
3 1 0 2 1 3 50400 
3 1 0 2 0 4 12600 
3 1 0 1 5 0 5040 
3 1 0 1 4 1 25200 
3 1 0 1 3 2 50400 
3 1 0 1 2 3 50400 
3 1 0 1 1 4 25200 
3 1 0 1 0 5 5040 
3 1 0 0 6 0 840 
3 1 0 0 5 1 5040 
3 1 0 0 4 2 12600 
3 1 0 0 3 3 16800 
3 1 0 0 2 4 12600 
3 1 0 0 1 5 5040 
3 1 0 0 0 6 840 
3 0 7 0 0 0 120 
3 0 6 1 0 0 840 
3 0 6 0 1 0 840 
3 0 6 0 0 1 840 
3 0 5 2 0 0 2520 
3 0 5 1 1 0 5040 
3 0 5 1 0 1 5040 
3 0 5 0 2 0 2520 
3 0 5 0 1 1 5040 
3 0 5 0 0 2 2520 
3 0 4 3 0 0 4200 
3 0 4 2 1 0 12600 
3 0 4 2 0 1 12600 
3 0 4 1 2 0 12600 
3 0 4 1 1 1 25200 
3 0 4 1 0 2 12600 
3 0 4 0 3 0 4200 
3 0 4 0 2 1 12600 
3 0 4 0 1 2 12600 
3 0 4 0 0 3 4200 
3 0 3 4 0 0 4200 
3 0 3 3 1 0 16800 
3 0 3 3 0 1 16800 
3 0 3 2 2 0 25200 
3 0 3 2 1 1 50400 
3 0 3 2 0 2 25200 
3 0 3 1 3 0 16800 
3 0 3 1 2 1 50400 
3 0 3 1 1 2 50400 
3 0 3 1 0 3 16800 
3 0 3 0 4 0 4200 
3 0 3 0 3 1 16800 
3 0 3 0 2 2 25200 
3 0 3 0 1 3 16800 
3 0 3 0 0 4 4200 
3 0 2 5 0 0 2520 
3 0 2 4 1 0 12600 
3 0 2 4 0 1 12600 
3 0 2 3 2 0 25200 
3 0 2 3 1 1 50400 
3 0 2 3 0 2 25200 
3 0 2 2 3 0 25200 
3 0 2 2 2 1 75600 
3 0 2 2 1 2 75600 
3 0 2 2 0 3 25200 
3 0 2 1 4 0 12600 
3 0 2 1 3 1 50400 
3 0 2 1 2 2 75600 
3 0 2 1 1 3 50400 
3 0 2 1 0 4 12600 
3 0 2 0 5 0 2520 
3 0 2 0 4 1 12600 
3 0 2 0 3 2 25200 
3 0 2 0 2 3 25200 
3 0 2 0 1 4 12600 
3 0 2 0 0 5 2520 
3 0 1 6 0 0 840 
3 0 1 5 1 0 5040 
3 0 1 5 0 1 5040 
3 0 1 4 2 0 12600 
3 0 1 4 1 1 25200 
3 0 1 4 0 2 12600 
3 0 1 3 3 0 16800 
3 0 1 3 2 1 50400 
3 0 1 3 1 2 50400 
3 0 1 3 0 3 16800 
3 0 1 2 4 0 12600 
3 0 1 2 3 1 50400 
3 0 1 2 2 2 75600 
3 0 1 2 1 3 50400 
3 0 1 2 0 4 12600 
3 0 1 1 5 0 5040 
3 0 1 1 4 1 25200 
3 0 1 1 3 2 50400 
3 0 1 1 2 3 50400 
3 0 1 1 1 4 25200 
3 0 1 1 0 5 5040 
3 0 1 0 6 0 840 
3 0 1 0 5 1 5040 
3 0 1 0 4 2 12600 
3 0 1 0 3 3 16800 
3 0 1 0 2 4 12600 
3 0 1 0 1 5 5040 
3 0 1 0 0 6 840 
3 0 0 7 0 0 120 
3 0 0 6 1 0 840 
3 0 0 6 0 1 840 
3 0 0 5 2 0 2520 
3 0 0 5 1 1 5040 
3 0 0 5 0 2 2520 
3 0 0 4 3 0 4200 
3 0 0 4 2 1 12600 
3 0 0 4 1 2 12600 
3 0 0 4 0 3 4200 
3 0 0 3 4 0 4200 
3 0 0 3 3 1 16800 
3 0 0 3 2 2 25200 
3 0 0 3 1 3 16800 
3 0 0 3 0 4 4200 
3 0 0 2 5 0 2520 
3 0 0 2 4 1 12600 
3 0 0 2 3 2 25200 
3 0 0 2 2 3 25200 
3 0 0 2 1 4 12600 
3 0 0 2 0 5 2520 
3 0 0 1 6 0 840 
3 0 0 1 5 1 5040 
3 0 0 1 4 2 12600 
3 0 0 1 3 3 16800 
3 0 0 1 2 4 12600 
3 0 0 1 1 5 5040 
3 0 0 1 0 6 840 
3 0 0 0 7 0 120 
3 0 0 0 6 1 840 
3 0 0 0 5 2 2520 
3 0 0 0 4 3 4200 
3 0 0 0 3 4 4200 
3 0 0 0 2 5 2520 
3 0 0 0 1 6 840 
3 0 0 0 0 7 120 
2 8 0 0 0 0 45 
2 7 1 0 0 0 360 
2 7 0 1 0 0 360 
2 7 0 0 1 0 360 
2 7 0 0 0 1 360 
2 6 2 0 0 0 1260 
2 6 1 1 0 0 2520 
2 6 1 0 1 0 2520 
2 6 1 0 0 1 2520 
2 6 0 2 0 0 1260 
2 6 0 1 1 0 2520 
2 6 0 1 0 1 2520 
2 6 0 0 2 0 1260 
2 6 0 0 1 1 2520 
2 6 0 0 0 2 1260 
2 5 3 0 0 0 2520 
2 5 2 1 0 0 7560 
2 5 2 0 1 0 7560 
2 5 2 0 0 1 7560 
2 5 1 2 0 0 7560 
2 5 1 1 1 0 15120 
2 5 1 1 0 1 15120 
2 5 1 0 2 0 7560 
2 5 1 0 1 1 15120 
2 5 1 0 0 2 7560 
2 5 0 3 0 0 2520 
2 5 0 2 1 0 7560 
2 5 0 2 0 1 7560 
2 5 0 1 2 0 7560 
2 5 0 1 1 1 15120 
2 5 0 1 0 2 7560 
2 5 0 0 3 0 2520 
2 5 0 0 2 1 7560 
2 5 0 0 1 2 7560 
2 5 0 0 0 3 2520 
2 4 4 0 0 0 3150 
2 4 3 1 0 0 12600 
2 4 3 0 1 0 12600 
2 4 3 0 0 1 12600 
2 4 2 2 0 0 18900 
2 4 2 1 1 0 37800 
2 4 2 1 0 1 37800 
2 4 2 0 2 0 18900 
2 4 2 0 1 1 37800 
2 4 2 0 0 2 18900 
2 4 1 3 0 0 12600 
2 4 1 2 1 0 37800 
2 4 1 2 0 1 37800 
2 4 1 1 2 0 37800 
2 4 1 1 1 1 75600 
2 4 1 1 0 2 37800 
2 4 1 0 3 0 12600 
2 4 1 0 2 1 37800 
2 4 1 0 1 2 37800 
2 4 1 0 0 3 12600 
2 4 0 4 0 0 3150 
2 4 0 3 1 0 12600 
2 4 0 3 0 1 12600 
2 4 0 2 2 0 18900 
2 4 0 2 1 1 37800 
2 4 0 2 0 2 18900 
2 4 0 1 3 0 12600 
2 4 0 1 2 1 37800 
2 4 0 1 1 2 37800 
2 4 0 1 0 3 12600 
2 4 0 0 4 0 3150 
2 4 0 0 3 1 12600 
2 4 0 0 2 2 18900 
2 4 0 0 1 3 12600 
2 4 0 0 0 4 3150 
2 3 5 0 0 0 2520 
2 3 4 1 0 0 12600 
2 3 4 0 1 0 12600 
2 3 4 0 0 1 12600 
2 3 3 2 0 0 25200 
2 3 3 1 1 0 50400 
2 3 3 1 0 1 50400 
2 3 3 0 2 0 25200 
2 3 3 0 1 1 50400 
2 3 3 0 0 2 25200 
2 3 2 3 0 0 25200 
2 3 2 2 1 0 75600 
2 3 2 2 0 1 75600 
2 3 2 1 2 0 75600 
2 3 2 1 1 1 151200 
2 3 2 1 0 2 75600 
2 3 2 0 3 0 25200 
2 3 2 0 2 1 75600 
2 3 2 0 1 2 75600 
2 3 2 0 0 3 25200 
2 3 1 4 0 0 12600 
2 3 1 3 1 0 50400 
2 3 1 3 0 1 50400 
2 3 1 2 2 0 75600 
2 3 1 2 1 1 151200 
2 3 1 2 0 2 75600 
2 3 1 1 3 0 50400 
2 3 1 1 2 1 151200 
2 3 1 1 1 2 151200 
2 3 1 1 0 3 50400 
2 3 1 0 4 0 12600 
2 3 1 0 3 1 50400 
2 3 1 0 2 2 75600 
2 3 1 0 1 3 50400 
2 3 1 0 0 4 12600 
2 3 0 5 0 0 2520 
2 3 0 4 1 0 12600 
2 3 0 4 0 1 12600 
2 3 0 3 2 0 25200 
2 3 0 3 1 1 50400 
2 3 0 3 0 2 25200 
2 3 0 2 3 0 25200 
2 3 0 2 2 1 75600 
2 3 0 2 1 2 75600 
2 3 0 2 0 3 25200 
2 3 0 1 4 0 12600 
2 3 0 1 3 1 50400 
2 3 0 1 2 2 75600 
2 3 0 1 1 3 50400 
2 3 0 1 0 4 12600 
2 3 0 0 5 0 2520 
2 3 0 0 4 1 12600 
2 3 0 0 3 2 25200 
2 3 0 0 2 3 25200 
2 3 0 0 1 4 12600 
2 3 0 0 0 5 2520 
2 2 6 0 0 0 1260 
2 2 5 1 0 0 7560 
2 2 5 0 1 0 7560 
2 2 5 0 0 1 7560 
2 2 4 2 0 0 18900 
2 2 4 1 1 0 37800 
2 2 4 1 0 1 37800 
2 2 4 0 2 0 18900 
2 2 4 0 1 1 37800 
2 2 4 0 0 2 18900 
2 2 3 3 0 0 25200 
2 2 3 2 1 0 75600 
2 2 3 2 0 1 75600 
2 2 3 1 2 0 75600 
2 2 3 1 1 1 151200 
2 2 3 1 0 2 75600 
2 2 3 0 3 0 25200 
2 2 3 0 2 1 75600 
2 2 3 0 1 2 75600 
2 2 3 0 0 3 25200 
2 2 2 4 0 0 18900 
2 2 2 3 1 0 75600 
2 2 2 3 0 1 75600 
2 2 2 2 2 0 113400 
2 2 2 2 1 1 226800 
2 2 2 2 0 2 113400 
2 2 2 1 3 0 75600 
2 2 2 1 2 1 226800 
2 2 2 1 1 2 226800 
2 2 2 1 0 3 75600 
2 2 2 0 4 0 18900 
2 2 2 0 3 1 75600 
2 2 2 0 2 2 113400 
2 2 2 0 1 3 75600 
2 2 2 0 0 4 18900 
2 2 1 5 0 0 7560 
2 2 1 4 1 0 37800 
2 2 1 4 0 1 37800 
2 2 1 3 2 0 75600 
2 2 1 3 1 1 151200 
2 2 1 3 0 2 75600 
2 2 1 2 3 0 75600 
2 2 1 2 2 1 226800 
2 2 1 2 1 2 226800 
2 2 1 2 0 3 75600 
2 2 1 1 4 0 37800 
2 2 1 1 3 1 151200 
2 2 1 1 2 2 226800 
2 2 1 1 1 3 151200 
2 2 1 1 0 4 37800 
2 2 1 0 5 0 7560 
2 2 1 0 4 1 37800 
2 2 1 0 3 2 75600 
2 2 1 0 2 3 75600 
2 2 1 0 1 4 37800 
2 2 1 0 0 5 7560 
2 2 0 6 0 0 1260 
2 2 0 5 1 0 7560 
2 2 0 5 0 1 7560 
2 2 0 4 2 0 18900 
2 2 0 4 1 1 37800 
2 2 0 4 0 2 18900 
2 2 0 3 3 0 25200 
2 2 0 3 2 1 75600 
2 2 0 3 1 2 75600 
2 2 0 3 0 3 25200 
2 2 0 2 4 0 18900 
2 2 0 2 3 1 75600 
2 2 0 2 2 2 113400 
2 2 0 2 1 3 75600 
2 2 0 2 0 4 18900 
2 2 0 1 5 0 7560 
2 2 0 1 4 1 37800 
2 2 0 1 3 2 75600 
2 2 0 1 2 3 75600 
2 2 0 1 1 4 37800 
2 2 0 1 0 5 7560 
2 2 0 0 6 0 1260 
2 2 0 0 5 1 7560 
2 2 0 0 4 2 18900 
2 2 0 0 3 3 25200 
2 2 0 0 2 4 18900 
2 2 0 0 1 5 7560 
2 2 0 0 0 6 1260 
2 1 7 0 0 0 360 
2 1 6 1 0 0 2520 
2 1 6 0 1 0 2520 
2 1 6 0 0 1 2520 
2 1 5 2 0 0 7560 
2 1 5 1 1 0 15120 
2 1 5 1 0 1 15120 
2 1 5 0 2 0 7560 
2 1 5 0 1 1 15120 
2 1 5 0 0 2 7560 
2 1 4 3 0 0 12600 
2 1 4 2 1 0 37800 
2 1 4 2 0 1 37800 
2 1 4 1 2 0 37800 
2 1 4 1 1 1 75600 
2 1 4 1 0 2 37800 
2 1 4 0 3 0 12600 
2 1 4 0 2 1 37800 
2 1 4 0 1 2 37800 
2 1 4 0 0 3 12600 
2 1 3 4 0 0 12600 
2 1 3 3 1 0 50400 
2 1 3 3 0 1 50400 
2 1 3 2 2 0 75600 
2 1 3 2 1 1 151200 
2 1 3 2 0 2 75600 
2 1 3 1 3 0 50400 
2 1 3 1 2 1 151200 
2 1 3 1 1 2 151200 
2 1 3 1 0 3 50400 
2 1 3 0 4 0 12600 
2 1 3 0 3 1 50400 
2 1 3 0 2 2 75600 
2 1 3 0 1 3 50400 
2 1 3 0 0 4 12600 
2 1 2 5 0 0 7560 
2 1 2 4 1 0 37800 
2 1 2 4 0 1 37800 
2 1 2 3 2 0 75600 
2 1 2 3 1 1 151200 
2 1 2 3 0 2 75600 
2 1 2 2 3 0 75600 
2 1 2 2 2 1 226800 
2 1 2 2 1 2 226800 
2 1 2 2 0 3 75600 
2 1 2 1 4 0 37800 
2 1 2 1 3 1 151200 
2 1 2 1 2 2 226800 
2 1 2 1 1 3 151200 
2 1 2 1 0 4 37800 
2 1 2 0 5 0 7560 
2 1 2 0 4 1 37800 
2 1 2 0 3 2 75600 
2 1 2 0 2 3 75600 
2 1 2 0 1 4 37800 
2 1 2 0 0 5 7560 
2 1 1 6 0 0 2520 
2 1 1 5 1 0 15120 
2 1 1 5 0 1 15120 
2 1 1 4 2 0 37800 
2 1 1 4 1 1 75600 
2 1 1 4 0 2 37800 
2 1 1 3 3 0 50400 
2 1 1 3 2 1 151200 
2 1 1 3 1 2 151200 
2 1 1 3 0 3 50400 
2 1 1 2 4 0 37800 
2 1 1 2 3 1 151200 
2 1 1 2 2 2 226800 
2 1 1 2 1 3 151200 
2 1 1 2 0 4 37800 
2 1 1 1 5 0 15120 
2 1 1 1 4 1 75600 
2 1 1 1 3 2 151200 
2 1 1 1 2 3 151200 
2 1 1 1 1 4 75600 
2 1 1 1 0 5 15120 
2 1 1 0 6 0 2520 
2 1 1 0 5 1 15120 
2 1 1 0 4 2 37800 
2 1 1 0 3 3 50400 
2 1 1 0 2 4 37800 
2 1 1 0 1 5 15120 
2 1 1 0 0 6 2520 
2 1 0 7 0 0 360 
2 1 0 6 1 0 2520 
2 1 0 6 0 1 2520 
2 1 0 5 2 0 7560 
2 1 0 5 1 1 15120 
2 1 0 5 0 2 7560 
2 1 0 4 3 0 12600 
2 1 0 4 2 1 37800 
2 1 0 4 1 2 37800 
2 1 0 4 0 3 12600 
2 1 0 3 4 0 12600 
2 1 0 3 3 1 50400 
2 1 0 3 2 2 75600 
2 1 0 3 1 3 50400 
2 1 0 3 0 4 12600 
2 1 0 2 5 0 7560 
2 1 0 2 4 1 37800 
2 1 0 2 3 2 75600 
2 1 0 2 2 3 75600 
2 1 0 2 1 4 37800 
2 1 0 2 0 5 7560 
2 1 0 1 6 0 2520 
2 1 0 1 5 1 15120 
2 1 0 1 4 2 37800 
2 1 0 1 3 3 50400 
2 1 0 1 2 4 37800 
2 1 0 1 1 5 15120 
2 1 0 1 0 6 2520 
2 1 0 0 7 0 360 
2 1 0 0 6 1 2520 
2 1 0 0 5 2 7560 
2 1 0 0 4 3 12600 
2 1 0 0 3 4 12600 
2 1 0 0 2 5 7560 
2 1 0 0 1 6 2520 
2 1 0 0 0 7 360 
2 0 8 0 0 0 45 
2 0 7 1 0 0 360 
2 0 7 0 1 0 360 
2 0 7 0 0 1 360 
2 0 6 2 0 0 1260 
2 0 6 1 1 0 2520 
2 0 6 1 0 1 2520 
2 0 6 0 2 0 1260 
2 0 6 0 1 1 2520 
2 0 6 0 0 2 1260 
2 0 5 3 0 0 2520 
2 0 5 2 1 0 7560 
2 0 5 2 0 1 7560 
2 0 5 1 2 0 7560 
2 0 5 1 1 1 15120 
2 0 5 1 0 2 7560 
2 0 5 0 3 0 2520 
2 0 5 0 2 1 7560 
2 0 5 0 1 2 7560 
2 0 5 0 0 3 2520 
2 0 4 4 0 0 3150 
2 0 4 3 1 0 12600 
2 0 4 3 0 1 12600 
2 0 4 2 2 0 18900 
2 0 4 2 1 1 37800 
2 0 4 2 0 2 18900 
2 0 4 1 3 0 12600 
2 0 4 1 2 1 37800 
2 0 4 1 1 2 37800 
2 0 4 1 0 3 12600 
2 0 4 0 4 0 3150 
2 0 4 0 3 1 12600 
2 0 4 0 2 2 18900 
2 0 4 0 1 3 12600 
2 0 4 0 0 4 3150 
2 0 3 5 0 0 2520 
2 0 3 4 1 0 12600 
2 0 3 4 0 1 12600 
2 0 3 3 2 0 25200 
2 0 3 3 1 1 50400 
2 0 3 3 0 2 25200 
2 0 3 2 3 0 25200 
2 0 3 2 2 1 75600 
2 0 3 2 1 2 75600 
2 0 3 2 0 3 25200 
2 0 3 1 4 0 12600 
2 0 3 1 3 1 50400 
2 0 3 1 2 2 75600 
2 0 3 1 1 3 50400 
2 0 3 1 0 4 12600 
2 0 3 0 5 0 2520 
2 0 3 0 4 1 12600 
2 0 3 0 3 2 25200 
2 0 3 0 2 3 25200 
2 0 3 0 1 4 12600 
2 0 3 0 0 5 2520 
2 0 2 6 0 0 1260 
2 0 2 5 1 0 7560 
2 0 2 5 0 1 7560 
2 0 2 4 2 0 18900 
2 0 2 4 1 1 37800 
2 0 2 4 0 2 18900 
2 0 2 3 3 0 25200 
2 0 2 3 2 1 75600 
2 0 2 3 1 2 75600 
2 0 2 3 0 3 25200 
2 0 2 2 4 0 18900 
2 0 2 2 3 1 75600 
2 0 2 2 2 2 113400 
2 0 2 2 1 3 75600 
2 0 2 2 0 4 18900 
2 0 2 1 5 0 7560 
2 0 2 1 4 1 37800 
2 0 2 1 3 2 75600 
2 0 2 1 2 3 75600 
2 0 2 1 1 4 37800 
2 0 2 1 0 5 7560 
2 0 2 0 6 0 1260 
2 0 2 0 5 1 7560 
2 0 2 0 4 2 18900 
2 0 2 0 3 3 25200 
2 0 2 0 2 4 18900 
2 0 2 0 1 5 7560 
2 0 2 0 0 6 1260 
2 0 1 7 0 0 360 
2 0 1 6 1 0 2520 
2 0 1 6 0 1 2520 
2 0 1 5 2 0 7560 
2 0 1 5 1 1 15120 
2 0 1 5 0 2 7560 
2 0 1 4 3 0 12600 
2 0 1 4 2 1 37800 
2 0 1 4 1 2 37800 
2 0 1 4 0 3 12600 
2 0 1 3 4 0 12600 
2 0 1 3 3 1 50400 
2 0 1 3 2 2 75600 
2 0 1 3 1 3 50400 
2 0 1 3 0 4 12600 
2 0 1 2 5 0 7560 
2 0 1 2 4 1 37800 
2 0 1 2 3 2 75600 
2 0 1 2 2 3 75600 
2 0 1 2 1 4 37800 
2 0 1 2 0 5 7560 
2 0 1 1 6 0 2520 
2 0 1 1 5 1 15120 
2 0 1 1 4 2 37800 
2 0 1 1 3 3 50400 
2 0 1 1 2 4 37800 
2 0 1 1 1 5 15120 
2 0 1 1 0 6 2520 
2 0 1 0 7 0 360 
2 0 1 0 6 1 2520 
2 0 1 0 5 2 7560 
2 0 1 0 4 3 12600 
2 0 1 0 3 4 12600 
2 0 1 0 2 5 7560 
2 0 1 0 1 6 2520 
2 0 1 0 0 7 360 
2 0 0 8 0 0 45 
2 0 0 7 1 0 360 
2 0 0 7 0 1 360 
2 0 0 6 2 0 1260 
2 0 0 6 1 1 2520 
2 0 0 6 0 2 1260 
2 0 0 5 3 0 2520 
2 0 0 5 2 1 7560 
2 0 0 5 1 2 7560 
2 0 0 5 0 3 2520 
2 0 0 4 4 0 3150 
2 0 0 4 3 1 12600 
2 0 0 4 2 2 18900 
2 0 0 4 1 3 12600 
2 0 0 4 0 4 3150 
2 0 0 3 5 0 2520 
2 0 0 3 4 1 12600 
2 0 0 3 3 2 25200 
2 0 0 3 2 3 25200 
2 0 0 3 1 4 12600 
2 0 0 3 0 5 2520 
2 0 0 2 6 0 1260 
2 0 0 2 5 1 7560 
2 0 0 2 4 2 18900 
2 0 0 2 3 3 25200 
2 0 0 2 2 4 18900 
2 0 0 2 1 5 7560 
2 0 0 2 0 6 1260 
2 0 0 1 7 0 360 
2 0 0 1 6 1 2520 
2 0 0 1 5 2 7560 
2 0 0 1 4 3 12600 
2 0 0 1 3 4 12600 
2 0 0 1 2 5 7560 
2 0 0 1 1 6 2520 
2 0 0 1 0 7 360 
2 0 0 0 8 0 45 
2 0 0 0 7 1 360 
2 0 0 0 6 2 1260 
2 0 0 0 5 3 2520 
2 0 0 0 4 4 3150 
2 0 0 0 3 5 2520 
2 0 0 0 2 6 1260 
2 0 0 0 1 7 360 
2 0 0 0 0 8 45 
1 9 0 0 0 0 10 
1 8 1 0 0 0 90 
1 8 0 1 0 0 90 
1 8 0 0 1 0 90 
1 8 0 0 0 1 90 
1 7 2 0 0 0 360 
1 7 1 1 0 0 720 
1 7 1 0 1 0 720 
1 7 1 0 0 1 720 
1 7 0 2 0 0 360 
1 7 0 1 1 0 720 
1 7 0 1 0 1 720 
1 7 0 0 2 0 360 
1 7 0 0 1 1 720 
1 7 0 0 0 2 360 
1 6 3 0 0 0 840 
1 6 2 1 0 0 2520 
1 6 2 0 1 0 2520 
1 6 2 0 0 1 2520 
1 6 1 2 0 0 2520 
1 6 1 1 1 0 5040 
1 6 1 1 0 1 5040 
1 6 1 0 2 0 2520 
1 6 1 0 1 1 5040 
1 6 1 0 0 2 2520 
1 6 0 3 0 0 840 
1 6 0 2 1 0 2520 
1 6 0 2 0 1 2520 
1 6 0 1 2 0 2520 
1 6 0 1 1 1 5040 
1 6 0 1 0 2 2520 
1 6 0 0 3 0 840 
1 6 0 0 2 1 2520 
1 6 0 0 1 2 2520 
1 6 0 0 0 3 840 
1 5 4 0 0 0 1260 
1 5 3 1 0 0 5040 
1 5 3 0 1 0 5040 
1 5 3 0 0 1 5040 
1 5 2 2 0 0 7560 
1 5 2 1 1 0 15120 
1 5 2 1 0 1 15120 
1 5 2 0 2 0 7560 
1 5 2 0 1 1 15120 
1 5 2 0 0 2 7560 
1 5 1 3 0 0 5040 
1 5 1 2 1 0 15120 
1 5 1 2 0 1 15120 
1 5 1 1 2 0 15120 
1 5 1 1 1 1 30240 
1 5 1 1 0 2 15120 
1 5 1 0 3 0 5040 
1 5 1 0 2 1 15120 
1 5 1 0 1 2 15120 
1 5 1 0 0 3 5040 
1 5 0 4 0 0 1260 
1 5 0 3 1 0 5040 
1 5 0 3 0 1 5040 
1 5 0 2 2 0 7560 
1 5 0 2 1 1 15120 
1 5 0 2 0 2 7560 
1 5 0 1 3 0 5040 
1 5 0 1 2 1 15120 
1 5 0 1 1 2 15120 
1 5 0 1 0 3 5040 
1 5 0 0 4 0 1260 
1 5 0 0 3 1 5040 
1 5 0 0 2 2 7560 
1 5 0 0 1 3 5040 
1 5 0 0 0 4 1260 
1 4 5 0 0 0 1260 
1 4 4 1 0 0 6300 
1 4 4 0 1 0 6300 
1 4 4 0 0 1 6300 
1 4 3 2 0 0 12600 
1 4 3 1 1 0 25200 
1 4 3 1 0 1 25200 
1 4 3 0 2 0 12600 
1 4 3 0 1 1 25200 
1 4 3 0 0 2 12600 
1 4 2 3 0 0 12600 
1 4 2 2 1 0 37800 
1 4 2 2 0 1 37800 
1 4 2 1 2 0 37800 
1 4 2 1 1 1 75600 
1 4 2 1 0 2 37800 
1 4 2 0 3 0 12600 
1 4 2 0 2 1 37800 
1 4 2 0 1 2 37800 
1 4 2 0 0 3 12600 
1 4 1 4 0 0 6300 
1 4 1 3 1 0 25200 
1 4 1 3 0 1 25200 
1 4 1 2 2 0 37800 
1 4 1 2 1 1 75600 
1 4 1 2 0 2 37800 
1 4 1 1 3 0 25200 
1 4 1 1 2 1 75600 
1 4 1 1 1 2 75600 
1 4 1 1 0 3 25200 
1 4 1 0 4 0 6300 
1 4 1 0 3 1 25200 
1 4 1 0 2 2 37800 
1 4 1 0 1 3 25200 
1 4 1 0 0 4 6300 
1 4 0 5 0 0 1260 
1 4 0 4 1 0 6300 
1 4 0 4 0 1 6300 
1 4 0 3 2 0 12600 
1 4 0 3 1 1 25200 
1 4 0 3 0 2 12600 
1 4 0 2 3 0 12600 
1 4 0 2 2 1 37800 
1 4 0 2 1 2 37800 
1 4 0 2 0 3 12600 
1 4 0 1 4 0 6300 
1 4 0 1 3 1 25200 
1 4 0 1 2 2 37800 
1 4 0 1 1 3 25200 
1 4 0 1 0 4 6300 
1 4 0 0 5 0 1260 
1 4 0 0 4 1 6300 
1 4 0 0 3 2 12600 
1 4 0 0 2 3 12600 
1 4 0 0 1 4 6300 
1 4 0 0 0 5 1260 
1 3 6 0 0 0 840 
1 3 5 1 0 0 5040 
1 3 5 0 1 0 5040 
1 3 5 0 0 1 5040 
1 3 4 2 0 0 12600 
1 3 4 1 1 0 25200 
1 3 4 1 0 1 25200 
1 3 4 0 2 0 12600 
1 3 4 0 1 1 25200 
1 3 4 0 0 2 12600 
1 3 3 3 0 0 16800 
1 3 3 2 1 0 50400 
1 3 3 2 0 1 50400 
1 3 3 1 2 0 50400 
1 3 3 1 1 1 100800 
1 3 3 1 0 2 50400 
1 3 3 0 3 0 16800 
1 3 3 0 2 1 50400 
1 3 3 0 1 2 50400 
1 3 3 0 0 3 16800 
1 3 2 4 0 0 12600 
1 3 2 3 1 0 50400 
1 3 2 3 0 1 50400 
1 3 2 2 2 0 75600 
1 3 2 2 1 1 151200 
1 3 2 2 0 2 75600 
1 3 2 1 3 0 50400 
1 3 2 1 2 1 151200 
1 3 2 1 1 2 151200 
1 3 2 1 0 3 50400 
1 3 2 0 4 0 12600 
1 3 2 0 3 1 50400 
1 3 2 0 2 2 75600 
1 3 2 0 1 3 50400 
1 3 2 0 0 4 12600 
1 3 1 5 0 0 5040 
1 3 1 4 1 0 25200 
1 3 1 4 0 1 25200 
1 3 1 3 2 0 50400 
1 3 1 3 1 1 100800 
1 3 1 3 0 2 50400 
1 3 1 2 3 0 50400 
1 3 1 2 2 1 151200 
1 3 1 2 1 2 151200 
1 3 1 2 0 3 50400 
1 3 1 1 4 0 25200 
1 3 1 1 3 1 100800 
1 3 1 1 2 2 151200 
1 3 1 1 1 3 100800 
1 3 1 1 0 4 25200 
1 3 1 0 5 0 5040 
1 3 1 0 4 1 25200 
1 3 1 0 3 2 50400 
1 3 1 0 2 3 50400 
1 3 1 0 1 4 25200 
1 3 1 0 0 5 5040 
1 3 0 6 0 0 840 
1 3 0 5 1 0 5040 
1 3 0 5 0 1 5040 
1 3 0 4 2 0 12600 
1 3 0 4 1 1 25200 
1 3 0 4 0 2 12600 
1 3 0 3 3 0 16800 
1 3 0 3 2 1 50400 
1 3 0 3 1 2 50400 
1 3 0 3 0 3 16800 
1 3 0 2 4 0 12600 
1 3 0 2 3 1 50400 
1 3 0 2 2 2 75600 
1 3 0 2 1 3 50400 
1 3 0 2 0 4 12600 
1 3 0 1 5 0 5040 
1 3 0 1 4 1 25200 
1 3 0 1 3 2 50400 
1 3 0 1 2 3 50400 
1 3 0 1 1 4 25200 
1 3 0 1 0 5 5040 
1 3 0 0 6 0 840 
1 3 0 0 5 1 5040 
1 3 0 0 4 2 12600 
1 3 0 0 3 3 16800 
1 3 0 0 2 4 12600 
1 3 0 0 1 5 5040 
1 3 0 0 0 6 840 
1 2 7 0 0 0 360 
1 2 6 1 0 0 2520 
1 2 6 0 1 0 2520 
1 2 6 0 0 1 2520 
1 2 5 2 0 0 7560 
1 2 5 1 1 0 15120 
1 2 5 1 0 1 15120 
1 2 5 0 2 0 7560 
1 2 5 0 1 1 15120 
1 2 5 0 0 2 7560 
1 2 4 3 0 0 12600 
1 2 4 2 1 0 37800 
1 2 4 2 0 1 37800 
1 2 4 1 2 0 37800 
1 2 4 1 1 1 75600 
1 2 4 1 0 2 37800 
1 2 4 0 3 0 12600 
1 2 4 0 2 1 37800 
1 2 4 0 1 2 37800 
1 2 4 0 0 3 12600 
1 2 3 4 0 0 12600 
1 2 3 3 1 0 50400 
1 2 3 3 0 1 50400 
1 2 3 2 2 0 75600 
1 2 3 2 1 1 151200 
1 2 3 2 0 2 75600 
1 2 3 1 3 0 50400 
1 2 3 1 2 1 151200 
1 2 3 1 1 2 151200 
1 2 3 1 0 3 50400 
1 2 3 0 4 0 12600 
1 2 3 0 3 1 50400 
1 2 3 0 2 2 75600 
1 2 3 0 1 3 50400 
1 2 3 0 0 4 12600 
1 2 2 5 0 0 7560 
1 2 2 4 1 0 37800 
1 2 2 4 0 1 37800 
1 2 2 3 2 0 75600 
1 2 2 3 1 1 151200 
1 2 2 3 0 2 75600 
1 2 2 2 3 0 75600 
1 2 2 2 2 1 226800 
1 2 2 2 1 2 226800 
1 2 2 2 0 3 75600 
1 2 2 1 4 0 37800 
1 2 2 1 3 1 151200 
1 2 2 1 2 2 226800 
1 2 2 1 1 3 151200 
1 2 2 1 0 4 37800 
1 2 2 0 5 0 7560 
1 2 2 0 4 1 37800 
1 2 2 0 3 2 75600 
1 2 2 0 2 3 75600 
1 2 2 0 1 4 37800 
1 2 2 0 0 5 7560 
1 2 1 6 0 0 2520 
1 2 1 5 1 0 15120 
1 2 1 5 0 1 15120 
1 2 1 4 2 0 37800 
1 2 1 4 1 1 75600 
1 2 1 4 0 2 37800 
1 2 1 3 3 0 50400 
1 2 1 3 2 1 151200 
1 2 1 3 1 2 151200 
1 2 1 3 0 3 50400 
1 2 1 2 4 0 37800 
1 2 1 2 3 1 151200 
1 2 1 2 2 2 226800 
1 2 1 2 1 3 151200 
1 2 1 2 0 4 37800 
1 2 1 1 5 0 15120 
1 2 1 1 4 1 75600 
1 2 1 1 3 2 151200 
1 2 1 1 2 3 151200 
1 2 1 1 1 4 75600 
1 2 1 1 0 5 15120 
1 2 1 0 6 0 2520 
1 2 1 0 5 1 15120 
1 2 1 0 4 2 37800 
1 2 1 0 3 3 50400 
1 2 1 0 2 4 37800 
1 2 1 0 1 5 15120 
1 2 1 0 0 6 2520 
1 2 0 7 0 0 360 
1 2 0 6 1 0 2520 
1 2 0 6 0 1 2520 
1 2 0 5 2 0 7560 
1 2 0 5 1 1 15120 
1 2 0 5 0 2 7560 
1 2 0 4 3 0 12600 
1 2 0 4 2 1 37800 
1 2 0 4 1 2 37800 
1 2 0 4 0 3 12600 
1 2 0 3 4 0 12600 
1 2 0 3 3 1 50400 
1 2 0 3 2 2 75600 
1 2 0 3 1 3 50400 
1 2 0 3 0 4 12600 
1 2 0 2 5 0 7560 
1 2 0 2 4 1 37800 
1 2 0 2 3 2 75600 
1 2 0 2 2 3 75600 
1 2 0 2 1 4 37800 
1 2 0 2 0 5 7560 
1 2 0 1 6 0 2520 
1 2 0 1 5 1 15120 
1 2 0 1 4 2 37800 
1 2 0 1 3 3 50400 
1 2 0 1 2 4 37800 
1 2 0 1 1 5 15120 
1 2 0 1 0 6 2520 
1 2 0 0 7 0 360 
1 2 0 0 6 1 2520 
1 2 0 0 5 2 7560 
1 2 0 0 4 3 12600 
1 2 0 0 3 4 12600 
1 2 0 0 2 5 7560 
1 2 0 0 1 6 2520 
1 2 0 0 0 7 360 
1 1 8 0 0 0 90 
1 1 7 1 0 0 720 
1 1 7 0 1 0 720 
1 1 7 0 0 1 720 
1 1 6 2 0 0 2520 
1 1 6 1 1 0 5040 
1 1 6 1 0 1 5040 
1 1 6 0 2 0 2520 
1 1 6 0 1 1 5040 
1 1 6 0 0 2 2520 
1 1 5 3 0 0 5040 
1 1 5 2 1 0 15120 
1 1 5 2 0 1 15120 
1 1 5 1 2 0 15120 
1 1 5 1 1 1 30240 
1 1 5 1 0 2 15120 
1 1 5 0 3 0 5040 
1 1 5 0 2 1 15120 
1 1 5 0 1 2 15120 
1 1 5 0 0 3 5040 
1 1 4 4 0 0 6300 
1 1 4 3 1 0 25200 
1 1 4 3 0 1 25200 
1 1 4 2 2 0 37800 
1 1 4 2 1 1 75600 
1 1 4 2 0 2 37800 
1 1 4 1 3 0 25200 
1 1 4 1 2 1 75600 
1 1 4 1 1 2 75600 
1 1 4 1 0 3 25200 
1 1 4 0 4 0 6300 
1 1 4 0 3 1 25200 
1 1 4 0 2 2 37800 
1 1 4 0 1 3 25200 
1 1 4 0 0 4 6300 
1 1 3 5 0 0 5040 
1 1 3 4 1 0 25200 
1 1 3 4 0 1 25200 
1 1 3 3 2 0 50400 
1 1 3 3 1 1 100800 
1 1 3 3 0 2 50400 
1 1 3 2 3 0 50400 
1 1 3 2 2 1 151200 
1 1 3 2 1 2 151200 
1 1 3 2 0 3 50400 
1 1 3 1 4 0 25200 
1 1 3 1 3 1 100800 
1 1 3 1 2 2 151200 
1 1 3 1 1 3 100800 
1 1 3 1 0 4 25200 
1 1 3 0 5 0 5040 
1 1 3 0 4 1 25200 
1 1 3 0 3 2 50400 
1 1 3 0 2 3 50400 
1 1 3 0 1 4 25200 
1 1 3 0 0 5 5040 
1 1 2 6 0 0 2520 
1 1 2 5 1 0 15120 
1 1 2 5 0 1 15120 
1 1 2 4 2 0 37800 
1 1 2 4 1 1 75600 
1 1 2 4 0 2 37800 
1 1 2 3 3 0 50400 
1 1 2 3 2 1 151200 
1 1 2 3 1 2 151200 
1 1 2 3 0 3 50400 
1 1 2 2 4 0 37800 
1 1 2 2 3 1 151200 
1 1 2 2 2 2 226800 
1 1 2 2 1 3 151200 
1 1 2 2 0 4 37800 
1 1 2 1 5 0 15120 
1 1 2 1 4 1 75600 
1 1 2 1 3 2 151200 
1 1 2 1 2 3 151200 
1 1 2 1 1 4 75600 
1 1 2 1 0 5 15120 
1 1 2 0 6 0 2520 
1 1 2 0 5 1 15120 
1 1 2 0 4 2 37800 
1 1 2 0 3 3 50400 
1 1 2 0 2 4 37800 
1 1 2 0 1 5 15120 
1 1 2 0 0 6 2520 
1 1 1 7 0 0 720 
1 1 1 6 1 0 5040 
1 1 1 6 0 1 5040 
1 1 1 5 2 0 15120 
1 1 1 5 1 1 30240 
1 1 1 5 0 2 15120 
1 1 1 4 3 0 25200 
1 1 1 4 2 1 75600 
1 1 1 4 1 2 75600 
1 1 1 4 0 3 25200 
1 1 1 3 4 0 25200 
1 1 1 3 3 1 100800 
1 1 1 3 2 2 151200 
1 1 1 3 1 3 100800 
1 1 1 3 0 4 25200 
1 1 1 2 5 0 15120 
1 1 1 2 4 1 75600 
1 1 1 2 3 2 151200 
1 1 1 2 2 3 151200 
1 1 1 2 1 4 75600 
1 1 1 2 0 5 15120 
1 1 1 1 6 0 5040 
1 1 1 1 5 1 30240 
1 1 1 1 4 2 75600 
1 1 1 1 3 3 100800 
1 1 1 1 2 4 75600 
1 1 1 1 1 5 30240 
1 1 1 1 0 6 5040 
1 1 1 0 7 0 720 
1 1 1 0 6 1 5040 
1 1 1 0 5 2 15120 
1 1 1 0 4 3 25200 
1 1 1 0 3 4 25200 
1 1 1 0 2 5 15120 
1 1 1 0 1 6 5040 
1 1 1 0 0 7 720 
1 1 0 8 0 0 90 
1 1 0 7 1 0 720 
1 1 0 7 0 1 720 
1 1 0 6 2 0 2520 
1 1 0 6 1 1 5040 
1 1 0 6 0 2 2520 
1 1 0 5 3 0 5040 
1 1 0 5 2 1 15120 
1 1 0 5 1 2 15120 
1 1 0 5 0 3 5040 
1 1 0 4 4 0 6300 
1 1 0 4 3 1 25200 
1 1 0 4 2 2 37800 
1 1 0 4 1 3 25200 
1 1 0 4 0 4 6300 
1 1 0 3 5 0 5040 
1 1 0 3 4 1 25200 
1 1 0 3 3 2 50400 
1 1 0 3 2 3 50400 
1 1 0 3 1 4 25200 
1 1 0 3 0 5 5040 
1 1 0 2 6 0 2520 
1 1 0 2 5 1 15120 
1 1 0 2 4 2 37800 
1 1 0 2 3 3 50400 
1 1 0 2 2 4 37800 
1 1 0 2 1 5 15120 
1 1 0 2 0 6 2520 
1 1 0 1 7 0 720 
1 1 0 1 6 1 5040 
1 1 0 1 5 2 15120 
1 1 0 1 4 3 25200 
1 1 0 1 3 4 25200 
1 1 0 1 2 5 15120 
1 1 0 1 1 6 5040 
1 1 0 1 0 7 720 
1 1 0 0 8 0 90 
1 1 0 0 7 1 720 
1 1 0 0 6 2 2520 
1 1 0 0 5 3 5040 
1 1 0 0 4 4 6300 
1 1 0 0 3 5 5040 
1 1 0 0 2 6 2520 
1 1 0 0 1 7 720 
1 1 0 0 0 8 90 
1 0 9 0 0 0 10 
1 0 8 1 0 0 90 
1 0 8 0 1 0 90 
1 0 8 0 0 1 90 
1 0 7 2 0 0 360 
1 0 7 1 1 0 720 
1 0 7 1 0 1 720 
1 0 7 0 2 0 360 
1 0 7 0 1 1 720 
1 0 7 0 0 2 360 
1 0 6 3 0 0 840 
1 0 6 2 1 0 2520 
1 0 6 2 0 1 2520 
1 0 6 1 2 0 2520 
1 0 6 1 1 1 5040 
1 0 6 1 0 2 2520 
1 0 6 0 3 0 840 
1 0 6 0 2 1 2520 
1 0 6 0 1 2 2520 
1 0 6 0 0 3 840 
1 0 5 4 0 0 1260 
1 0 5 3 1 0 5040 
1 0 5 3 0 1 5040 
1 0 5 2 2 0 7560 
1 0 5 2 1 1 15120 
1 0 5 2 0 2 7560 
1 0 5 1 3 0 5040 
1 0 5 1 2 1 15120 
1 0 5 1 1 2 15120 
1 0 5 1 0 3 5040 
1 0 5 0 4 0 1260 
1 0 5 0 3 1 5040 
1 0 5 0 2 2 7560 
1 0 5 0 1 3 5040 
1 0 5 0 0 4 1260 
1 0 4 5 0 0 1260 
1 0 4 4 1 0 6300 
1 0 4 4 0 1 6300 
1 0 4 3 2 0 12600 
1 0 4 3 1 1 25200 
1 0 4 3 0 2 12600 
1 0 4 2 3 0 12600 
1 0 4 2 2 1 37800 
1 0 4 2 1 2 37800 
1 0 4 2 0 3 12600 
1 0 4 1 4 0 6300 
1 0 4 1 3 1 25200 
1 0 4 1 2 2 37800 
1 0 4 1 1 3 25200 
1 0 4 1 0 4 6300 
1 0 4 0 5 0 1260 
1 0 4 0 4 1 6300 
1 0 4 0 3 2 12600 
1 0 4 0 2 3 12600 
1 0 4 0 1 4 6300 
1 0 4 0 0 5 1260 
1 0 3 6 0 0 840 
1 0 3 5 1 0 5040 
1 0 3 5 0 1 5040 
1 0 3 4 2 0 12600 
1 0 3 4 1 1 25200 
1 0 3 4 0 2 12600 
1 0 3 3 3 0 16800 
1 0 3 3 2 1 50400 
1 0 3 3 1 2 50400 
1 0 3 3 0 3 16800 
1 0 3 2 4 0 12600 
1 0 3 2 3 1 50400 
1 0 3 2 2 2 75600 
1 0 3 2 1 3 50400 
1 0 3 2 0 4 12600 
1 0 3 1 5 0 5040 
1 0 3 1 4 1 25200 
1 0 3 1 3 2 50400 
1 0 3 1 2 3 50400 
1 0 3 1 1 4 25200 
1 0 3 1 0 5 5040 
1 0 3 0 6 0 840 
1 0 3 0 5 1 5040 
1 0 3 0 4 2 12600 
1 0 3 0 3 3 16800 
1 0 3 0 2 4 12600 
1 0 3 0 1 5 5040 
1 0 3 0 0 6 840 
1 0 2 7 0 0 360 
1 0 2 6 1 0 2520 
1 0 2 6 0 1 2520 
1 0 2 5 2 0 7560 
1 0 2 5 1 1 15120 
1 0 2 5 0 2 7560 
1 0 2 4 3 0 12600 
1 0 2 4 2 1 37800 
1 0 2 4 1 2 37800 
1 0 2 4 0 3 12600 
1 0 2 3 4 0 12600 
1 0 2 3 3 1 50400 
1 0 2 3 2 2 75600 
1 0 2 3 1 3 50400 
1 0 2 3 0 4 12600 
1 0 2 2 5 0 7560 
1 0 2 2 4 1 37800 
1 0 2 2 3 2 75600 
1 0 2 2 2 3 75600 
1 0 2 2 1 4 37800 
1 0 2 2 0 5 7560 
1 0 2 1 6 0 2520 
1 0 2 1 5 1 15120 
1 0 2 1 4 2 37800 
1 0 2 1 3 3 50400 
1 0 2 1 2 4 37800 
1 0 2 1 1 5 15120 
1 0 2 1 0 6 2520 
1 0 2 0 7 0 360 
1 0 2 0 6 1 2520 
1 0 2 0 5 2 7560 
1 0 2 0 4 3 12600 
1 0 2 0 3 4 12600 
1 0 2 0 2 5 7560 
1 0 2 0 1 6 2520 
1 0 2 0 0 7 360 
1 0 1 8 0 0 90 
1 0 1 7 1 0 720 
1 0 1 7 0 1 720 
1 0 1 6 2 0 2520 
1 0 1 6 1 1 5040 
1 0 1 6 0 2 2520 
1 0 1 5 3 0 5040 
1 0 1 5 2 1 15120 
1 0 1 5 1 2 15120 
1 0 1 5 0 3 5040 
1 0 1 4 4 0 6300 
1 0 1 4 3 1 25200 
1 0 1 4 2 2 37800 
1 0 1 4 1 3 25200 
1 0 1 4 0 4 6300 
1 0 1 3 5 0 5040 
1 0 1 3 4 1 25200 
1 0 1 3 3 2 50400 
1 0 1 3 2 3 50400 
1 0 1 3 1 4 25200 
1 0 1 3 0 5 5040 
1 0 1 2 6 0 2520 
1 0 1 2 5 1 15120 
1 0 1 2 4 2 37800 
1 0 1 2 3 3 50400 
1 0 1 2 2 4 37800 
1 0 1 2 1 5 15120 
1 0 1 2 0 6 2520 
1 0 1 1 7 0 720 
1 0 1 1 6 1 5040 
1 0 1 1 5 2 15120 
1 0 1 1 4 3 25200 
1 0 1 1 3 4 25200 
1 0 1 1 2 5 15120 
1 0 1 1 1 6 5040 
1 0 1 1 0 7 720 
1 0 1 0 8 0 90 
1 0 1 0 7 1 720 
1 0 1 0 6 2 2520 
1 0 1 0 5 3 5040 
1 0 1 0 4 4 6300 
1 0 1 0 3 5 5040 
1 0 1 0 2 6 2520 
1 0 1 0 1 7 720 
1 0 1 0 0 8 90 
1 0 0 9 0 0 10 
1 0 0 8 1 0 90 
1 0 0 8 0 1 90 
1 0 0 7 2 0 360 
1 0 0 7 1 1 720 
1 0 0 7 0 2 360 
1 0 0 6 3 0 840 
1 0 0 6 2 1 2520 
1 0 0 6 1 2 2520 
1 0 0 6 0 3 840 
1 0 0 5 4 0 1260 
1 0 0 5 3 1 5040 
1 0 0 5 2 2 7560 
1 0 0 5 1 3 5040 
1 0 0 5 0 4 1260 
1 0 0 4 5 0 1260 
1 0 0 4 4 1 6300 
1 0 0 4 3 2 12600 
1 0 0 4 2 3 12600 
1 0 0 4 1 4 6300 
1 0 0 4 0 5 1260 
1 0 0 3 6 0 840 
1 0 0 3 5 1 5040 
1 0 0 3 4 2 12600 
1 0 0 3 3 3 16800 
1 0 0 3 2 4 12600 
1 0 0 3 1 5 5040 
1 0 0 3 0 6 840 
1 0 0 2 7 0 360 
1 0 0 2 6 1 2520 
1 0 0 2 5 2 7560 
1 0 0 2 4 3 12600 
1 0 0 2 3 4 12600 
1 0 0 2 2 5 7560 
1 0 0 2 1 6 2520 
1 0 0 2 0 7 360 
1 0 0 1 8 0 90 
1 0 0 1 7 1 720 
1 0 0 1 6 2 2520 
1 0 0 1 5 3 5040 
1 0 0 1 4 4 6300 
1 0 0 1 3 5 5040 
1 0 0 1 2 6 2520 
1 0 0 1 1 7 720 
1 0 0 1 0 8 90 
1 0 0 0 9 0 10 
1 0 0 0 8 1 90 
1 0 0 0 7 2 360 
1 0 0 0 6 3 840 
1 0 0 0 5 4 1260 
1 0 0 0 4 5 1260 
1 0 0 0 3 6 840 
1 0 0 0 2 7 360 
1 0 0 0 1 8 90 
1 0 0 0 0 9 10 
0 10 0 0 0 0 1 
0 9 1 0 0 0 10 
0 9 0 1 0 0 10 
0 9 0 0 1 0 10 
0 9 0 0 0 1 10 
0 8 2 0 0 0 45 
0 8 1 1 0 0 90 
0 8 1 0 1 0 90 
0 8 1 0 0 1 90 
0 8 0 2 0 0 45 
0 8 0 1 1 0 90 
0 8 0 1 0 1 90 
0 8 0 0 2 0 45 
0 8 0 0 1 1 90 
0 8 0 0 0 2 45 
0 7 3 0 0 0 120 
0 7 2 1 0 0 360 
0 7 2 0 1 0 360 
0 7 2 0 0 1 360 
0 7 1 2 0 0 360 
0 7 1 1 1 0 720 
0 7 1 1 0 1 720 
0 7 1 0 2 0 360 
0 7 1 0 1 1 720 
0 7 1 0 0 2 360 
0 7 0 3 0 0 120 
0 7 0 2 1 0 360 
0 7 0 2 0 1 360 
0 7 0 1 2 0 360 
0 7 0 1 1 1 720 
0 7 0 1 0 2 360 
0 7 0 0 3 0 120 
0 7 0 0 2 1 360 
0 7 0 0 1 2 360 
0 7 0 0 0 3 120 
0 6 4 0 0 0 210 
0 6 3 1 0 0 840 
0 6 3 0 1 0 840 
0 6 3 0 0 1 840 
0 6 2 2 0 0 1260 
0 6 2 1 1 0 2520 
0 6 2 1 0 1 2520 
0 6 2 0 2 0 1260 
0 6 2 0 1 1 2520 
0 6 2 0 0 2 1260 
0 6 1 3 0 0 840 
0 6 1 2 1 0 2520 
0 6 1 2 0 1 2520 
0 6 1 1 2 0 2520 
0 6 1 1 1 1 5040 
0 6 1 1 0 2 2520 
0 6 1 0 3 0 840 
0 6 1 0 2 1 2520 
0 6 1 0 1 2 2520 
0 6 1 0 0 3 840 
0 6 0 4 0 0 210 
0 6 0 3 1 0 840 
0 6 0 3 0 1 840 
0 6 0 2 2 0 1260 
0 6 0 2 1 1 2520 
0 6 0 2 0 2 1260 
0 6 0 1 3 0 840 
0 6 0 1 2 1 2520 
0 6 0 1 1 2 2520 
0 6 0 1 0 3 840 
0 6 0 0 4 0 210 
0 6 0 0 3 1 840 
0 6 0 0 2 2 1260 
0 6 0 0 1 3 840 
0 6 0 0 0 4 210 
0 5 5 0 0 0 252 
0 5 4 1 0 0 1260 
0 5 4 0 1 0 1260 
0 5 4 0 0 1 1260 
0 5 3 2 0 0 2520 
0 5 3 1 1 0 5040 
0 5 3 1 0 1 5040 
0 5 3 0 2 0 2520 
0 5 3 0 1 1 5040 
0 5 3 0 0 2 2520 
0 5 2 3 0 0 2520 
0 5 2 2 1 0 7560 
0 5 2 2 0 1 7560 
0 5 2 1 2 0 7560 
0 5 2 1 1 1 15120 
0 5 2 1 0 2 7560 
0 5 2 0 3 0 2520 
0 5 2 0 2 1 7560 
0 5 2 0 1 2 7560 
0 5 2 0 0 3 2520 
0 5 1 4 0 0 1260 
0 5 1 3 1 0 5040 
0 5 1 3 0 1 5040 
0 5 1 2 2 0 7560 
0 5 1 2 1 1 15120 
0 5 1 2 0 2 7560 
0 5 1 1 3 0 5040 
0 5 1 1 2 1 15120 
0 5 1 1 1 2 15120 
0 5 1 1 0 3 5040 
0 5 1 0 4 0 1260 
0 5 1 0 3 1 5040 
0 5 1 0 2 2 7560 
0 5 1 0 1 3 5040 
0 5 1 0 0 4 1260 
0 5 0 5 0 0 252 
0 5 0 4 1 0 1260 
0 5 0 4 0 1 1260 
0 5 0 3 2 0 2520 
0 5 0 3 1 1 5040 
0 5 0 3 0 2 2520 
0 5 0 2 3 0 2520 
0 5 0 2 2 1 7560 
0 5 0 2 1 2 7560 
0 5 0 2 0 3 2520 
0 5 0 1 4 0 1260 
0 5 0 1 3 1 5040 
0 5 0 1 2 2 7560 
0 5 0 1 1 3 5040 
0 5 0 1 0 4 1260 
0 5 0 0 5 0 252 
0 5 0 0 4 1 1260 
0 5 0 0 3 2 2520 
0 5 0 0 2 3 2520 
0 5 0 0 1 4 1260 
0 5 0 0 0 5 252 
0 4 6 0 0 0 210 
0 4 5 1 0 0 1260 
0 4 5 0 1 0 1260 
0 4 5 0 0 1 1260 
0 4 4 2 0 0 3150 
0 4 4 1 1 0 6300 
0 4 4 1 0 1 6300 
0 4 4 0 2 0 3150 
0 4 4 0 1 1 6300 
0 4 4 0 0 2 3150 
0 4 3 3 0 0 4200 
0 4 3 2 1 0 12600 
0 4 3 2 0 1 12600 
0 4 3 1 2 0 12600 
0 4 3 1 1 1 25200 
0 4 3 1 0 2 12600 
0 4 3 0 3 0 4200 
0 4 3 0 2 1 12600 
0 4 3 0 1 2 12600 
0 4 3 0 0 3 4200 
0 4 2 4 0 0 3150 
0 4 2 3 1 0 12600 
0 4 2 3 0 1 12600 
0 4 2 2 2 0 18900 
0 4 2 2 1 1 37800 
0 4 2 2 0 2 18900 
0 4 2 1 3 0 12600 
0 4 2 1 2 1 37800 
0 4 2 1 1 2 37800 
0 4 2 1 0 3 12600 
0 4 2 0 4 0 3150 
0 4 2 0 3 1 12600 
0 4 2 0 2 2 18900 
0 4 2 0 1 3 12600 
0 4 2 0 0 4 3150 
0 4 1 5 0 0 1260 
0 4 1 4 1 0 6300 
0 4 1 4 0 1 6300 
0 4 1 3 2 0 12600 
0 4 1 3 1 1 25200 
0 4 1 3 0 2 12600 
0 4 1 2 3 0 12600 
0 4 1 2 2 1 37800 
0 4 1 2 1 2 37800 
0 4 1 2 0 3 12600 
0 4 1 1 4 0 6300 
0 4 1 1 3 1 25200 
0 4 1 1 2 2 37800 
0 4 1 1 1 3 25200 
0 4 1 1 0 4 6300 
0 4 1 0 5 0 1260 
0 4 1 0 4 1 6300 
0 4 1 0 3 2 12600 
0 4 1 0 2 3 12600 
0 4 1 0 1 4 6300 
0 4 1 0 0 5 1260 
0 4 0 6 0 0 210 
0 4 0 5 1 0 1260 
0 4 0 5 0 1 1260 
0 4 0 4 2 0 3150 
0 4 0 4 1 1 6300 
0 4 0 4 0 2 3150 
0 4 0 3 3 0 4200 
0 4 0 3 2 1 12600 
0 4 0 3 1 2 12600 
0 4 0 3 0 3 4200 
0 4 0 2 4 0 3150 
0 4 0 2 3 1 12600 
0 4 0 2 2 2 18900 
0 4 0 2 1 3 12600 
0 4 0 2 0 4 3150 
0 4 0 1 5 0 1260 
0 4 0 1 4 1 6300 
0 4 0 1 3 2 12600 
0 4 0 1 2 3 12600 
0 4 0 1 1 4 6300 
0 4 0 1 0 5 1260 
0 4 0 0 6 0 210 
0 4 0 0 5 1 1260 
0 4 0 0 4 2 3150 
0 4 0 0 3 3 4200 
0 4 0 0 2 4 3150 
0 4 0 0 1 5 1260 
0 4 0 0 0 6 210 
0 3 7 0 0 0 120 
0 3 6 1 0 0 840 
0 3 6 0 1 0 840 
0 3 6 0 0 1 840 
0 3 5 2 0 0 2520 
0 3 5 1 1 0 5040 
0 3 5 1 0 1 5040 
0 3 5 0 2 0 2520 
0 3 5 0 1 1 5040 
0 3 5 0 0 2 2520 
0 3 4 3 0 0 4200 
0 3 4 2 1 0 12600 
0 3 4 2 0 1 12600 
0 3 4 1 2 0 12600 
0 3 4 1 1 1 25200 
0 3 4 1 0 2 12600 
0 3 4 0 3 0 4200 
0 3 4 0 2 1 12600 
0 3 4 0 1 2 12600 
0 3 4 0 0 3 4200 
0 3 3 4 0 0 4200 
0 3 3 3 1 0 16800 
0 3 3 3 0 1 16800 
0 3 3 2 2 0 25200 
0 3 3 2 1 1 50400 
0 3 3 2 0 2 25200 
0 3 3 1 3 0 16800 
0 3 3 1 2 1 50400 
0 3 3 1 1 2 50400 
0 3 3 1 0 3 16800 
0 3 3 0 4 0 4200 
0 3 3 0 3 1 16800 
0 3 3 0 2 2 25200 
0 3 3 0 1 3 16800 
0 3 3 0 0 4 4200 
0 3 2 5 0 0 2520 
0 3 2 4 1 0 12600 
0 3 2 4 0 1 12600 
0 3 2 3 2 0 25200 
0 3 2 3 1 1 50400 
0 3 2 3 0 2 25200 
0 3 2 2 3 0 25200 
0 3 2 2 2 1 75600 
0 3 2 2 1 2 75600 
0 3 2 2 0 3 25200 
0 3 2 1 4 0 12600 
0 3 2 1 3 1 50400 
0 3 2 1 2 2 75600 
0 3 2 1 1 3 50400 
0 3 2 1 0 4 12600 
0 3 2 0 5 0 2520 
0 3 2 0 4 1 12600 
0 3 2 0 3 2 25200 
0 3 2 0 2 3 25200 
0 3 2 0 1 4 12600 
0 3 2 0 0 5 2520 
0 3 1 6 0 0 840 
0 3 1 5 1 0 5040 
0 3 1 5 0 1 5040 
0 3 1 4 2 0 12600 
0 3 1 4 1 1 25200 
0 3 1 4 0 2 12600 
0 3 1 3 3 0 16800 
0 3 1 3 2 1 50400 
0 3 1 3 1 2 50400 
0 3 1 3 0 3 16800 
0 3 1 2 4 0 12600 
0 3 1 2 3 1 50400 
0 3 1 2 2 2 75600 
0 3 1 2 1 3 50400 
0 3 1 2 0 4 12600 
0 3 1 1 5 0 5040 
0 3 1 1 4 1 25200 
0 3 1 1 3 2 50400 
0 3 1 1 2 3 50400 
0 3 1 1 1 4 25200 
0 3 1 1 0 5 5040 
0 3 1 0 6 0 840 
0 3 1 0 5 1 5040 
0 3 1 0 4 2 12600 
0 3 1 0 3 3 16800 
0 3 1 0 2 4 12600 
0 3 1 0 1 5 5040 
0 3 1 0 0 6 840 
0 3 0 7 0 0 120 
0 3 0 6 1 0 840 
0 3 0 6 0 1 840 
0 3 0 5 2 0 2520 
0 3 0 5 1 1 5040 
0 3 0 5 0 2 2520 
0 3 0 4 3 0 4200 
0 3 0 4 2 1 12600 
0 3 0 4 1 2 12600 
0 3 0 4 0 3 4200 
0 3 0 3 4 0 4200 
0 3 0 3 3 1 16800 
0 3 0 3 2 2 25200 
0 3 0 3 1 3 16800 
0 3 0 3 0 4 4200 
0 3 0 2 5 0 2520 
0 3 0 2 4 1 12600 
0 3 0 2 3 2 25200 
0 3 0 2 2 3 25200 
0 3 0 2 1 4 12600 
0 3 0 2 0 5 2520 
0 3 0 1 6 0 840 
0 3 0 1 5 1 5040 
0 3 0 1 4 2 12600 
0 3 0 1 3 3 16800 
0 3 0 1 2 4 12600 
0 3 0 1 1 5 5040 
0 3 0 1 0 6 840 
0 3 0 0 7 0 120 
0 3 0 0 6 1 840 
0 3 0 0 5 2 2520 
0 3 0 0 4 3 4200 
0 3 0 0 3 4 4200 
0 3 0 0 2 5 2520 
0 3 0 0 1 6 840 
0 3 0 0 0 7 120 
0 2 8 0 0 0 45 
0 2 7 1 0 0 360 
0 2 7 0 1 0 360 
0 2 7 0 0 1 360 
0 2 6 2 0 0 1260 
0 2 6 1 1 0 2520 
0 2 6 1 0 1 2520 
0 2 6 0 2 0 1260 
0 2 6 0 1 1 2520 
0 2 6 0 0 2 1260 
0 2 5 3 0 0 2520 
0 2 5 2 1 0 7560 
0 2 5 2 0 1 7560 
0 2 5 1 2 0 7560 
0 2 5 1 1 1 15120 
0 2 5 1 0 2 7560 
0 2 5 0 3 0 2520 
0 2 5 0 2 1 7560 
0 2 5 0 1 2 7560 
0 2 5 0 0 3 2520 
0 2 4 4 0 0 3150 
0 2 4 3 1 0 12600 
0 2 4 3 0 1 12600 
0 2 4 2 2 0 18900 
0 2 4 2 1 1 37800 
0 2 4 2 0 2 18900 
0 2 4 1 3 0 12600 
0 2 4 1 2 1 37800 
0 2 4 1 1 2 37800 
0 2 4 1 0 3 12600 
0 2 4 0 4 0 3150 
0 2 4 0 3 1 12600 
0 2 4 0 2 2 18900 
0 2 4 0 1 3 12600 
0 2 4 0 0 4 3150 
0 2 3 5 0 0 2520 
0 2 3 4 1 0 12600 
0 2 3 4 0 1 12600 
0 2 3 3 2 0 25200 
0 2 3 3 1 1 50400 
0 2 3 3 0 2 25200 
0 2 3 2 3 0 25200 
0 2 3 2 2 1 75600 
0 2 3 2 1 2 75600 
0 2 3 2 0 3 25200 
0 2 3 1 4 0 12600 
0 2 3 1 3 1 50400 
0 2 3 1 2 2 75600 
0 2 3 1 1 3 50400 
0 2 3 1 0 4 12600 
0 2 3 0 5 0 2520 
0 2 3 0 4 1 12600 
0 2 3 0 3 2 25200 
0 2 3 0 2 3 25200 
0 2 3 0 1 4 12600 
0 2 3 0 0 5 2520 
0 2 2 6 0 0 1260 
0 2 2 5 1 0 7560 
0 2 2 5 0 1 7560 
0 2 2 4 2 0 18900 
0 2 2 4 1 1 37800 
0 2 2 4 0 2 18900 
0 2 2 3 3 0 25200 
0 2 2 3 2 1 75600 
0 2 2 3 1 2 75600 
0 2 2 3 0 3 25200 
0 2 2 2 4 0 18900 
0 2 2 2 3 1 75600 
0 2 2 2 2 2 113400 
0 2 2 2 1 3 75600 
0 2 2 2 0 4 18900 
0 2 2 1 5 0 7560 
0 2 2 1 4 1 37800 
0 2 2 1 3 2 75600 
0 2 2 1 2 3 75600 
0 2 2 1 1 4 37800 
0 2 2 1 0 5 7560 
0 2 2 0 6 0 1260 
0 2 2 0 5 1 7560 
0 2 2 0 4 2 18900 
0 2 2 0 3 3 25200 
0 2 2 0 2 4 18900 
0 2 2 0 1 5 7560 
0 2 2 0 0 6 1260 
0 2 1 7 0 0 360 
0 2 1 6 1 0 2520 
0 2 1 6 0 1 2520 
0 2 1 5 2 0 7560 
0 2 1 5 1 1 15120 
0 2 1 5 0 2 7560 
0 2 1 4 3 0 12600 
0 2 1 4 2 1 37800 
0 2 1 4 1 2 37800 
0 2 1 4 0 3 12600 
0 2 1 3 4 0 12600 
0 2 1 3 3 1 50400 
0 2 1 3 2 2 75600 
0 2 1 3 1 3 50400 
0 2 1 3 0 4 12600 
0 2 1 2 5 0 7560 
0 2 1 2 4 1 37800 
0 2 1 2 3 2 75600 
0 2 1 2 2 3 75600 
0 2 1 2 1 4 37800 
0 2 1 2 0 5 7560 
0 2 1 1 6 0 2520 
0 2 1 1 5 1 15120 
0 2 1 1 4 2 37800 
0 2 1 1 3 3 50400 
0 2 1 1 2 4 37800 
0 2 1 1 1 5 15120 
0 2 1 1 0 6 2520 
0 2 1 0 7 0 360 
0 2 1 0 6 1 2520 
0 2 1 0 5 2 7560 
0 2 1 0 4 3 12600 
0 2 1 0 3 4 12600 
0 2 1 0 2 5 7560 
0 2 1 0 1 6 2520 
0 2 1 0 0 7 360 
0 2 0 8 0 0 45 
0 2 0 7 1 0 360 
0 2 0 7 0 1 360 
0 2 0 6 2 0 1260 
0 2 0 6 1 1 2520 
0 2 0 6 0 2 1260 
0 2 0 5 3 0 2520 
0 2 0 5 2 1 7560 
0 2 0 5 1 2 7560 
0 2 0 5 0 3 2520 
0 2 0 4 4 0 3150 
0 2 0 4 3 1 12600 
0 2 0 4 2 2 18900 
0 2 0 4 1 3 12600 
0 2 0 4 0 4 3150 
0 2 0 3 5 0 2520 
0 2 0 3 4 1 12600 
0 2 0 3 3 2 25200 
0 2 0 3 2 3 25200 
0 2 0 3 1 4 12600 
0 2 0 3 0 5 2520 
0 2 0 2 6 0 1260 
0 2 0 2 5 1 7560 
0 2 0 2 4 2 18900 
0 2 0 2 3 3 25200 
0 2 0 2 2 4 18900 
0 2 0 2 1 5 7560 
0 2 0 2 0 6 1260 
0 2 0 1 7 0 360 
0 2 0 1 6 1 2520 
0 2 0 1 5 2 7560 
0 2 0 1 4 3 12600 
0 2 0 1 3 4 12600 
0 2 0 1 2 5 7560 
0 2 0 1 1 6 2520 
0 2 0 1 0 7 360 
0 2 0 0 8 0 45 
0 2 0 0 7 1 360 
0 2 0 0 6 2 1260 
0 2 0 0 5 3 2520 
0 2 0 0 4 4 3150 
0 2 0 0 3 5 2520 
0 2 0 0 2 6 1260 
0 2 0 0 1 7 360 
0 2 0 0 0 8 45 
0 1 9 0 0 0 10 
0 1 8 1 0 0 90 
0 1 8 0 1 0 90 
0 1 8 0 0 1 90 
0 1 7 2 0 0 360 
0 1 7 1 1 0 720 
0 1 7 1 0 1 720 
0 1 7 0 2 0 360 
0 1 7 0 1 1 720 
0 1 7 0 0 2 360 
0 1 6 3 0 0 840 
0 1 6 2 1 0 2520 
0 1 6 2 0 1 2520 
0 1 6 1 2 0 2520 
0 1 6 1 1 1 5040 
0 1 6 1 0 2 2520 
0 1 6 0 3 0 840 
0 1 6 0 2 1 2520 
0 1 6 0 1 2 2520 
0 1 6 0 0 3 840 
0 1 5 4 0 0 1260 
0 1 5 3 1 0 5040 
0 1 5 3 0 1 5040 
0 1 5 2 2 0 7560 
0 1 5 2 1 1 15120 
0 1 5 2 0 2 7560 
0 1 5 1 3 0 5040 
0 1 5 1 2 1 15120 
0 1 5 1 1 2 15120 
0 1 5 1 0 3 5040 
0 1 5 0 4 0 1260 
0 1 5 0 3 1 5040 
0 1 5 0 2 2 7560 
0 1 5 0 1 3 5040 
0 1 5 0 0 4 1260 
0 1 4 5 0 0 1260 
0 1 4 4 1 0 6300 
0 1 4 4 0 1 6300 
0 1 4 3 2 0 12600 
0 1 4 3 1 1 25200 
0 1 4 3 0 2 12600 
0 1 4 2 3 0 12600 
0 1 4 2 2 1 37800 
0 1 4 2 1 2 37800 
0 1 4 2 0 3 12600 
0 1 4 1 4 0 6300 
0 1 4 1 3 1 25200 
0 1 4 1 2 2 37800 
0 1 4 1 1 3 25200 
0 1 4 1 0 4 6300 
0 1 4 0 5 0 1260 
0 1 4 0 4 1 6300 
0 1 4 0 3 2 12600 
0 1 4 0 2 3 12600 
0 1 4 0 1 4 6300 
0 1 4 0 0 5 1260 
0 1 3 6 0 0 840 
0 1 3 5 1 0 5040 
0 1 3 5 0 1 5040 
0 1 3 4 2 0 12600 
0 1 3 4 1 1 25200 
0 1 3 4 0 2 12600 
0 1 3 3 3 0 16800 
0 1 3 3 2 1 50400 
0 1 3 3 1 2 50400 
0 1 3 3 0 3 16800 
0 1 3 2 4 0 12600 
0 1 3 2 3 1 50400 
0 1 3 2 2 2 75600 
0 1 3 2 1 3 50400 
0 1 3 2 0 4 12600 
0 1 3 1 5 0 5040 
0 1 3 1 4 1 25200 
0 1 3 1 3 2 50400 
0 1 3 1 2 3 50400 
0 1 3 1 1 4 25200 
0 1 3 1 0 5 5040 
0 1 3 0 6 0 840 
0 1 3 0 5 1 5040 
0 1 3 0 4 2 12600 
0 1 3 0 3 3 16800 
0 1 3 0 2 4 12600 
0 1 3 0 1 5 5040 
0 1 3 0 0 6 840 
0 1 2 7 0 0 360 
0 1 2 6 1 0 2520 
0 1 2 6 0 1 2520 
0 1 2 5 2 0 7560 
0 1 2 5 1 1 15120 
0 1 2 5 0 2 7560 
0 1 2 4 3 0 12600 
0 1 2 4 2 1 37800 
0 1 2 4 1 2 37800 
0 1 2 4 0 3 12600 
0 1 2 3 4 0 12600 
0 1 2 3 3 1 50400 
0 1 2 3 2 2 75600 
0 1 2 3 1 3 50400 
0 1 2 3 0 4 12600 
0 1 2 2 5 0 7560 
0 1 2 2 4 1 37800 
0 1 2 2 3 2 75600 
0 1 2 2 2 3 75600 
0 1 2 2 1 4 37800 
0 1 2 2 0 5 7560 
0 1 2 1 6 0 2520 
0 1 2 1 5 1 15120 
0 1 2 1 4 2 37800 
0 1 2 1 3 3 50400 
0 1 2 1 2 4 37800 
0 1 2 1 1 5 15120 
0 1 2 1 0 6 2520 
0 1 2 0 7 0 360 
0 1 2 0 6 1 2520 
0 1 2 0 5 2 7560 
0 1 2 0 4 3 12600 
0 1 2 0 3 4 12600 
0 1 2 0 2 5 7560 
0 1 2 0 1 6 2520 
0 1 2 0 0 7 360 
0 1 1 8 0 0 90 
0 1 1 7 1 0 720 
0 1 1 7 0 1 720 
0 1 1 6 2 0 2520 
0 1 1 6 1 1 5040 
0 1 1 6 0 2 2520 
0 1 1 5 3 0 5040 
0 1 1 5 2 1 15120 
0 1 1 5 1 2 15120 
0 1 1 5 0 3 5040 
0 1 1 4 4 0 6300 
0 1 1 4 3 1 25200 
0 1 1 4 2 2 37800 
0 1 1 4 1 3 25200 
0 1 1 4 0 4 6300 
0 1 1 3 5 0 5040 
0 1 1 3 4 1 25200 
0 1 1 3 3 2 50400 
0 1 1 3 2 3 50400 
0 1 1 3 1 4 25200 
0 1 1 3 0 5 5040 
0 1 1 2 6 0 2520 
0 1 1 2 5 1 15120 
0 1 1 2 4 2 37800 
0 1 1 2 3 3 50400 
0 1 1 2 2 4 37800 
0 1 1 2 1 5 15120 
0 1 1 2 0 6 2520 
0 1 1 1 7 0 720 
0 1 1 1 6 1 5040 
0 1 1 1 5 2 15120 
0 1 1 1 4 3 25200 
0 1 1 1 3 4 25200 
0 1 1 1 2 5 15120 
0 1 1 1 1 6 5040 
0 1 1 1 0 7 720 
0 1 1 0 8 0 90 
0 1 1 0 7 1 720 
0 1 1 0 6 2 2520 
0 1 1 0 5 3 5040 
0 1 1 0 4 4 6300 
0 1 1 0 3 5 5040 
0 1 1 0 2 6 2520 
0 1 1 0 1 7 720 
0 1 1 0 0 8 90 
0 1 0 9 0 0 10 
0 1 0 8 1 0 90 
0 1 0 8 0 1 90 
0 1 0 7 2 0 360 
0 1 0 7 1 1 720 
0 1 0 7 0 2 360 
0 1 0 6 3 0 840 
0 1 0 6 2 1 2520 
0 1 0 6 1 2 2520 
0 1 0 6 0 3 840 
0 1 0 5 4 0 1260 
0 1 0 5 3 1 5040 
0 1 0 5 2 2 7560 
0 1 0 5 1 3 5040 
0 1 0 5 0 4 1260 
0 1 0 4 5 0 1260 
0 1 0 4 4 1 6300 
0 1 0 4 3 2 12600 
0 1 0 4 2 3 12600 
0 1 0 4 1 4 6300 
0 1 0 4 0 5 1260 
0 1 0 3 6 0 840 
0 1 0 3 5 1 5040 
0 1 0 3 4 2 12600 
0 1 0 3 3 3 16800 
0 1 0 3 2 4 12600 
0 1 0 3 1 5 5040 
0 1 0 3 0 6 840 
0 1 0 2 7 0 360 
0 1 0 2 6 1 2520 
0 1 0 2 5 2 7560 
0 1 0 2 4 3 12600 
0 1 0 2 3 4 12600 
0 1 0 2 2 5 7560 
0 1 0 2 1 6 2520 
0 1 0 2 0 7 360 
0 1 0 1 8 0 90 
0 1 0 1 7 1 720 
0 1 0 1 6 2 2520 
0 1 0 1 5 3 5040 
0 1 0 1 4 4 6300 
0 1 0 1 3 5 5040 
0 1 0 1 2 6 2520 
0 1 0 1 1 7 720 
0 1 0 1 0 8 90 
0 1 0 0 9 0 10 
0 1 0 0 8 1 90 
0 1 0 0 7 2 360 
0 1 0 0 6 3 840 
0 1 0 0 5 4 1260 
0 1 0 0 4 5 1260 
0 1 0 0 3 6 840 
0 1 0 0 2 7 360 
0 1 0 0 1 8 90 
0 1 0 0 0 9 10 
0 0 10 0 0 0 1 
0 0 9 1 0 0 10 
0 0 9 0 1 0 10 
0 0 9 0 0 1 10 
0 0 8 2 0 0 45 
0 0 8 1 1 0 90 
0 0 8 1 0 1 90 
0 0 8 0 2 0 45 
0 0 8 0 1 1 90 
0 0 8 0 0 2 45 
0 0 7 3 0 0 120 
0 0 7 2 1 0 360 
0 0 7 2 0 1 360 
0 0 7 1 2 0 360 
0 0 7 1 1 1 720 
0 0 7 1 0 2 360 
0 0 7 0 3 0 120 
0 0 7 0 2 1 360 
0 0 7 0 1 2 360 
0 0 7 0 0 3 120 
0 0 6 4 0 0 210 
0 0 6 3 1 0 840 
0 0 6 3 0 1 840 
0 0 6 2 2 0 1260 
0 0 6 2 1 1 2520 
0 0 6 2 0 2 1260 
0 0 6 1 3 0 840 
0 0 6 1 2 1 2520 
0 0 6 1 1 2 2520 
0 0 6 1 0 3 840 
0 0 6 0 4 0 210 
0 0 6 0 3 1 840 
0 0 6 0 2 2 1260 
0 0 6 0 1 3 840 
0 0 6 0 0 4 210 
0 0 5 5 0 0 252 
0 0 5 4 1 0 1260 
0 0 5 4 0 1 1260 
0 0 5 3 2 0 2520 
0 0 5 3 1 1 5040 
0 0 5 3 0 2 2520 
0 0 5 2 3 0 2520 
0 0 5 2 2 1 7560 
0 0 5 2 1 2 7560 
0 0 5 2 0 3 2520 
0 0 5 1 4 0 1260 
0 0 5 1 3 1 5040 
0 0 5 1 2 2 7560 
0 0 5 1 1 3 5040 
0 0 5 1 0 4 1260 
0 0 5 0 5 0 252 
0 0 5 0 4 1 1260 
0 0 5 0 3 2 2520 
0 0 5 0 2 3 2520 
0 0 5 0 1 4 1260 
0 0 5 0 0 5 252 
0 0 4 6 0 0 210 
0 0 4 5 1 0 1260 
0 0 4 5 0 1 1260 
0 0 4 4 2 0 3150 
0 0 4 4 1 1 6300 
0 0 4 4 0 2 3150 
0 0 4 3 3 0 4200 
0 0 4 3 2 1 12600 
0 0 4 3 1 2 12600 
0 0 4 3 0 3 4200 
0 0 4 2 4 0 3150 
0 0 4 2 3 1 12600 
0 0 4 2 2 2 18900 
0 0 4 2 1 3 12600 
0 0 4 2 0 4 3150 
0 0 4 1 5 0 1260 
0 0 4 1 4 1 6300 
0 0 4 1 3 2 12600 
0 0 4 1 2 3 12600 
0 0 4 1 1 4 6300 
0 0 4 1 0 5 1260 
0 0 4 0 6 0 210 
0 0 4 0 5 1 1260 
0 0 4 0 4 2 3150 
0 0 4 0 3 3 4200 
0 0 4 0 2 4 3150 
0 0 4 0 1 5 1260 
0 0 4 0 0 6 210 
0 0 3 7 0 0 120 
0 0 3 6 1 0 840 
0 0 3 6 0 1 840 
0 0 3 5 2 0 2520 
0 0 3 5 1 1 5040 
0 0 3 5 0 2 2520 
0 0 3 4 3 0 4200 
0 0 3 4 2 1 12600 
0 0 3 4 1 2 12600 
0 0 3 4 0 3 4200 
0 0 3 3 4 0 4200 
0 0 3 3 3 1 16800 
0 0 3 3 2 2 25200 
0 0 3 3 1 3 16800 
0 0 3 3 0 4 4200 
0 0 3 2 5 0 2520 
0 0 3 2 4 1 12600 
0 0 3 2 3 2 25200 
0 0 3 2 2 3 25200 
0 0 3 2 1 4 12600 
0 0 3 2 0 5 2520 
0 0 3 1 6 0 840 
0 0 3 1 5 1 5040 
0 0 3 1 4 2 12600 
0 0 3 1 3 3 16800 
0 0 3 1 2 4 12600 
0 0 3 1 1 5 5040 
0 0 3 1 0 6 840 
0 0 3 0 7 0 120 
0 0 3 0 6 1 840 
0 0 3 0 5 2 2520 
0 0 3 0 4 3 4200 
0 0 3 0 3 4 4200 
0 0 3 0 2 5 2520 
0 0 3 0 1 6 840 
0 0 3 0 0 7 120 
0 0 2 8 0 0 45 
0 0 2 7 1 0 360 
0 0 2 7 0 1 360 
0 0 2 6 2 0 1260 
0 0 2 6 1 1 2520 
0 0 2 6 0 2 1260 
0 0 2 5 3 0 2520 
0 0 2 5 2 1 7560 
0 0 2 5 1 2 7560 
0 0 2 5 0 3 2520 
0 0 2 4 4 0 3150 
0 0 2 4 3 1 12600 
0 0 2 4 2 2 18900 
0 0 2 4 1 3 12600 
0 0 2 4 0 4 3150 
0 0 2 3 5 0 2520 
0 0 2 3 4 1 12600 
0 0 2 3 3 2 25200 
0 0 2 3 2 3 25200 
0 0 2 3 1 4 12600 
0 0 2 3 0 5 2520 
0 0 2 2 6 0 1260 
0 0 2 2 5 1 7560 
0 0 2 2 4 2 18900 
0 0 2 2 3 3 25200 
0 0 2 2 2 4 18900 
0 0 2 2 1 5 7560 
0 0 2 2 0 6 1260 
0 0 2 1 7 0 360 
0 0 2 1 6 1 2520 
0 0 2 1 5 2 7560 
0 0 2 1 4 3 12600 
0 0 2 1 3 4 12600 
0 0 2 1 2 5 7560 
0 0 2 1 1 6 2520 
0 0 2 1 0 7 360 
0 0 2 0 8 0 45 
0 0 2 0 7 1 360 
0 0 2 0 6 2 1260 
0 0 2 0 5 3 2520 
0 0 2 0 4 4 3150 
0 0 2 0 3 5 2520 
0 0 2 0 2 6 1260 
0 0 2 0 1 7 360 
0 0 2 0 0 8 45 
0 0 1 9 0 0 10 
0 0 1 8 1 0 90 
0 0 1 8 0 1 90 
0 0 1 7 2 0 360 
0 0 1 7 1 1 720 
0 0 1 7 0 2 360 
0 0 1 6 3 0 840 
0 0 1 6 2 1 2520 
0 0 1 6 1 2 2520 
0 0 1 6 0 3 840 
0 0 1 5 4 0 1260 
0 0 1 5 3 1 5040 
0 0 1 5 2 2 7560 
0 0 1 5 1 3 5040 
0 0 1 5 0 4 1260 
0 0 1 4 5 0 1260 
0 0 1 4 4 1 6300 
0 0 1 4 3 2 12600 
0 0 1 4 2 3 12600 
0 0 1 4 1 4 6300 
0 0 1 4 0 5 1260 
0 0 1 3 6 0 840 
0 0 1 3 5 1 5040 
0 0 1 3 4 2 12600 
0 0 1 3 3 3 16800 
0 0 1 3 2 4 12600 
0 0 1 3 1 5 5040 
0 0 1 3 0 6 840 
0 0 1 2 7 0 360 
0 0 1 2 6 1 2520 
0 0 1 2 5 2 7560 
0 0 1 2 4 3 12600 
0 0 1 2 3 4 12600 
0 0 1 2 2 5 7560 
0 0 1 2 1 6 2520 
0 0 1 2 0 7 360 
0 0 1 1 8 0 90 
0 0 1 1 7 1 720 
0 0 1 1 6 2 2520 
0 0 1 1 5 3 5040 
0 0 1 1 4 4 6300 
0 0 1 1 3 5 5040 
0 0 1 1 2 6 2520 
0 0 1 1 1 7 720 
0 0 1 1 0 8 90 
0 0 1 0 9 0 10 
0 0 1 0 8 1 90 
0 0 1 0 7 2 360 
0 0 1 0 6 3 840 
0 0 1 0 5 4 1260 
0 0 1 0 4 5 1260 
0 0 1 0 3 6 840 
0 0 1 0 2 7 360 
0 0 1 0 1 8 90 
0 0 1 0 0 9 10 
0 0 0 10 0 0 1 
0 0 0 9 1 0 10 
0 0 0 9 0 1 10 
0 0 0 8 2 0 45 
0 0 0 8 1 1 90 
0 0 0 8 0 2 45 
0 0 0 7 3 0 120 
0 0 0 7 2 1 360 
0 0 0 7 1 2 360 
0 0 0 7 0 3 120 
0 0 0 6 4 0 210 
0 0 0 6 3 1 840 
0 0 0 6 2 2 1260 
0 0 0 6 1 3 840 
0 0 0 6 0 4 210 
0 0 0 5 5 0 252 
0 0 0 5 4 1 1260 
0 0 0 5 3 2 2520 
0 0 0 5 2 3 2520 
0 0 0 5 1 4 1260 
0 0 0 5 0 5 252 
0 0 0 4 6 0 210 
0 0 0 4 5 1 1260 
0 0 0 4 4 2 3150 
0 0 0 4 3 3 4200 
0 0 0 4 2 4 3150 
0 0 0 4 1 5 1260 
0 0 0 4 0 6 210 
0 0 0 3 7 0 120 
0 0 0 3 6 1 840 
0 0 0 3 5 2 2520 
0 0 0 3 4 3 4200 
0 0 0 3 3 4 4200 
0 0 0 3 2 5 2520 
0 0 0 3 1 6 840 
0 0 0 3 0 7 120 
0 0 0 2 8 0 45 
0 0 0 2 7 1 360 
0 0 0 2 6 2 1260 
0 0 0 2 5 3 2520 
0 0 0 2 4 4 3150 
0 0 0 2 3 5 2520 
0 0 0 2 2 6 1260 
0 0 0 2 1 7 360 
0 0 0 2 0 8 45 
0 0 0 1 9 0 10 
0 0 0 1 8 1 90 
0 0 0 1 7 2 360 
0 0 0 1 6 3 840 
0 0 0 1 5 4 1260 
0 0 0 1 4 5 1260 
0 0 0 1 3 6 840 
0 0 0 1 2 7 360 
0 0 0 1 1 8 90 
0 0 0 1 0 9 10 
0 0 0 0 10 0 1 
0 0 0 0 9 1 10 
0 0 0 0 8 2 45 
0 0 0 0 7 3 120 
0 0 0 0 6 4 210 
0 0 0 0 5 5 252 
0 0 0 0 4 6 210 
0 0 0 0 3 7 120 
0 0 0 0 2 8 45 
0 0 0 0 1 9 10 
0 0 0 0 0 10 1 
